Number of nodes 707 
     0 :  3.7500000e-01  5.0000000e-01 
     1 :  0.0000000e+00 -1.0000000e+00 
     2 : -5.0000000e-01 -5.0000000e-01 
     3 :  5.0000000e-01 -1.0000000e+00 
     4 : -5.0000000e-01  1.0000000e+00 
     5 :  5.0000000e-01  1.0000000e+00 
     6 :  3.6783381e-01  5.4171562e-01 
     7 :  3.5803541e-01  5.6287568e-01 
     8 :  3.2456031e-01  6.0032826e-01 
     9 :  2.8941451e-01  6.1862334e-01 
    10 :  2.4241578e-01  6.2476971e-01 
    11 :  2.2080303e-01  6.2154233e-01 
    12 :  1.8421775e-01  6.0629062e-01 
    13 :  1.5410682e-01  5.8018416e-01 
    14 :  1.4211885e-01  5.6313998e-01 
    15 :  1.2768457e-01  5.2576692e-01 
    16 :  1.2585206e-01  4.8542987e-01 
    17 :  1.3808455e-01  4.4432296e-01 
    18 :  1.6167398e-01  4.1154937e-01 
    19 :  1.7742329e-01  3.9822760e-01 
    20 :  1.9453030e-01  3.8798164e-01 
    21 :  2.3334341e-01  3.7611474e-01 
    22 :  2.8064037e-01  3.7881350e-01 
    23 :  2.9943880e-01  3.8519231e-01 
    24 :  3.3281758e-01  4.0637176e-01 
    25 :  3.4661519e-01  4.2068729e-01 
    26 :  3.5814650e-01  4.3731560e-01 
    27 :  3.6687097e-01  4.5565841e-01 
    28 : -1.1718218e-03 -9.6578818e-01 
    29 : -3.6324506e-03 -9.3983975e-01 
    30 : -4.2657347e-03 -9.3482686e-01 
    31 : -5.9381070e-03 -9.2317002e-01 
    32 : -1.1908713e-02 -8.9152468e-01 
    33 : -1.8379881e-02 -8.6567926e-01 
    34 : -2.2682357e-02 -8.5111122e-01 
    35 : -3.2845050e-02 -8.2176910e-01 
    36 : -3.9219126e-02 -8.0588409e-01 
    37 : -5.3538015e-02 -7.7489626e-01 
    38 : -6.3813876e-02 -7.5557892e-01 
    39 : -6.9313256e-02 -7.4601392e-01 
    40 : -7.9836910e-02 -7.2895945e-01 
    41 : -9.9223775e-02 -7.0103777e-01 
    42 : -1.0275300e-01 -6.9636400e-01 
    43 : -1.2517193e-01 -6.6908624e-01 
    44 : -1.5278171e-01 -6.4022305e-01 
    45 : -1.7630924e-01 -6.1891695e-01 
    46 : -1.9255032e-01 -6.0569721e-01 
    47 : -2.1955424e-01 -5.8605534e-01 
    48 : -2.2522586e-01 -5.8226902e-01 
    49 : -2.2955495e-01 -5.7945336e-01 
    50 : -2.4983710e-01 -5.6708139e-01 
    51 : -2.6319919e-01 -5.5963041e-01 
    52 : -2.9684471e-01 -5.4313248e-01 
    53 : -3.0977367e-01 -5.3759980e-01 
    54 : -3.1944047e-01 -5.3374014e-01 
    55 : -3.2422458e-01 -5.3191560e-01 
    56 : -3.5275626e-01 -5.2217233e-01 
    57 : -3.5767948e-01 -5.2068291e-01 
    58 : -3.6743371e-01 -5.1789402e-01 
    59 : -3.8891385e-01 -5.1249629e-01 
    60 : -3.9379225e-01 -5.1141028e-01 
    61 : -3.9871297e-01 -5.1036653e-01 
    62 : -4.1014201e-01 -5.0814073e-01 
    63 : -4.2083395e-01 -5.0630704e-01 
    64 : -4.4840479e-01 -5.0266919e-01 
    65 : -4.7980792e-01 -5.0040789e-01 
    66 : -4.8485138e-01 -5.0022953e-01 
    67 :  1.0000000e-01 -1.0000000e+00 
    68 :  2.0000000e-01 -1.0000000e+00 
    69 :  3.0000000e-01 -1.0000000e+00 
    70 :  4.0000000e-01 -1.0000000e+00 
    71 : -5.0000000e-01  9.0000000e-01 
    72 : -5.0000000e-01  8.0000000e-01 
    73 : -5.0000000e-01  7.0000000e-01 
    74 : -5.0000000e-01  6.0000000e-01 
    75 : -5.0000000e-01  5.0000000e-01 
    76 : -5.0000000e-01  4.0000000e-01 
    77 : -5.0000000e-01  3.0000000e-01 
    78 : -5.0000000e-01  2.0000000e-01 
    79 : -5.0000000e-01  1.0000000e-01 
    80 : -5.0000000e-01  0.0000000e+00 
    81 : -5.0000000e-01 -1.0000000e-01 
    82 : -5.0000000e-01 -2.0000000e-01 
    83 : -5.0000000e-01 -3.0000000e-01 
    84 : -5.0000000e-01 -4.0000000e-01 
    85 :  5.0000000e-01 -9.0000000e-01 
    86 :  5.0000000e-01 -8.0000000e-01 
    87 :  5.0000000e-01 -7.0000000e-01 
    88 :  5.0000000e-01 -6.0000000e-01 
    89 :  5.0000000e-01 -5.0000000e-01 
    90 :  5.0000000e-01 -4.0000000e-01 
    91 :  5.0000000e-01 -3.0000000e-01 
    92 :  5.0000000e-01 -2.0000000e-01 
    93 :  5.0000000e-01 -1.0000000e-01 
    94 :  5.0000000e-01  0.0000000e+00 
    95 :  5.0000000e-01  1.0000000e-01 
    96 :  5.0000000e-01  2.0000000e-01 
    97 :  5.0000000e-01  3.0000000e-01 
    98 :  5.0000000e-01  4.0000000e-01 
    99 :  5.0000000e-01  5.0000000e-01 
   100 :  5.0000000e-01  6.0000000e-01 
   101 :  5.0000000e-01  7.0000000e-01 
   102 :  5.0000000e-01  8.0000000e-01 
   103 :  5.0000000e-01  9.0000000e-01 
   104 :  4.0000000e-01  1.0000000e+00 
   105 :  3.0000000e-01  1.0000000e+00 
   106 :  2.0000000e-01  1.0000000e+00 
   107 :  1.0000000e-01  1.0000000e+00 
   108 :  0.0000000e+00  1.0000000e+00 
   109 : -1.0000000e-01  1.0000000e+00 
   110 : -2.0000000e-01  1.0000000e+00 
   111 : -3.0000000e-01  1.0000000e+00 
   112 : -4.0000000e-01  1.0000000e+00 
   113 : -2.1713438e-01 -5.7628960e-01 
   114 : -1.7298115e-01 -5.9824189e-01 
   115 : -2.6919522e-01 -5.3643491e-01 
   116 : -3.3364606e-01 -5.1217776e-01 
   117 :  2.0249010e-01  3.5051658e-01 
   118 : -5.4801406e-02 -7.4546350e-01 
   119 : -8.9014617e-02 -6.8965933e-01 
   120 : -3.2562131e-02 -7.8486894e-01 
   121 :  1.3127774e-01  4.1191556e-01 
   122 :  4.0070154e-01 -1.5430597e-01 
   123 :  1.0925864e-01  5.5401318e-01 
   124 : -4.1339746e-01 -1.5000000e-01 
   125 : -3.7581503e-01 -5.0480283e-01 
   126 : -4.1110571e-01 -4.9268892e-01 
   127 : -1.4407604e-02 -8.3181426e-01 
   128 : -4.1559598e-01  1.5589160e-01 
   129 : -1.2046285e-01 -6.3565751e-01 
   130 :  4.0618393e-01 -4.4995935e-01 
   131 :  1.5246926e-01  6.1347002e-01 
   132 : -4.0550833e-01  6.4787867e-01 
   133 :  3.9649763e-03 -8.7662096e-01 
   134 :  2.2869629e-01  6.4266424e-01 
   135 :  2.9353955e-01  3.6111969e-01 
   136 : -5.3440999e-02  9.1594561e-01 
   137 :  4.1339746e-01  1.5000000e-01 
   138 :  4.1998021e-01 -6.5485028e-01 
   139 : -4.1774180e-01  3.4385180e-01 
   140 : -3.1359322e-01 -5.2879369e-01 
   141 :  1.5575276e-01  9.2208092e-01 
   142 :  2.4919860e-01 -9.0995974e-01 
   143 :  3.2283141e-01  6.3991296e-01 
   144 : -3.9496994e-01 -5.0399848e-01 
   145 : -2.3160878e-01  9.1335199e-01 
   146 : -4.2395376e-01 -3.5096185e-01 
   147 :  3.5266012e-01  4.0370845e-01 
   148 : -2.3274098e-01 -5.6304833e-01 
   149 :  1.7702506e-01  3.7815849e-01 
   150 :  1.0081895e-01  4.6030020e-01 
   151 :  3.6219866e-01  6.0028309e-01 
   152 :  3.8517806e-01  5.6223856e-01 
   153 :  1.3140775e-01  5.9741660e-01 
   154 :  1.2421479e-01  6.2601031e-01 
   155 :  1.4970183e-01  6.4613978e-01 
   156 :  1.1665653e-01  6.5972694e-01 
   157 :  8.8129288e-02  6.3534099e-01 
   158 :  7.9248728e-02  6.7547506e-01 
   159 :  4.5948348e-02  6.4715351e-01 
   160 :  1.5211956e-01  6.8012143e-01 
   161 :  3.6736209e-02  6.9277848e-01 
   162 :  7.8363798e-04  6.6075024e-01 
   163 :  1.1744801e-02  6.0427402e-01 
   164 : -3.7569209e-02  6.2532379e-01 
   165 : -2.9085661e-02  5.7246388e-01 
   166 : -7.8220161e-02  5.8978673e-01 
   167 : -6.4375950e-02  5.3335885e-01 
   168 : -1.1987308e-01  5.5147437e-01 
   169 : -1.0503051e-01  4.9155750e-01 
   170 : -1.3053556e-01  6.1191787e-01 
   171 : -1.6474258e-01  5.1077343e-01 
   172 : -1.4974583e-01  4.5030163e-01 
   173 : -9.0041838e-02  4.3184136e-01 
   174 : -1.3235976e-01  3.9156457e-01 
   175 : -7.5350317e-02  3.7560362e-01 
   176 : -1.1606348e-01  3.3520438e-01 
   177 : -5.8773730e-02  3.1944731e-01 
   178 : -1.0108332e-01  2.7789155e-01 
   179 : -4.0427474e-02  2.6109581e-01 
   180 : -8.3215968e-02  2.1572915e-01 
   181 : -2.0617010e-02  1.9662080e-01 
   182 : -6.8253377e-02  1.4926935e-01 
   183 : -2.8957994e-04  1.2955793e-01 
   184 : -4.9626263e-02  7.9866633e-02 
   185 :  2.0996124e-02  6.2128206e-02 
   186 : -2.9306880e-02  8.2464553e-03 
   187 :  6.9878513e-02  1.1406547e-01 
   188 :  4.1804287e-02 -8.3332567e-03 
   189 : -7.5305836e-03 -6.2338875e-02 
   190 :  6.1843420e-02 -7.8251541e-02 
   191 :  1.4021211e-02 -1.2960337e-01 
   192 :  9.4848192e-02 -1.4988559e-01 
   193 :  3.5078783e-02 -1.9505591e-01 
   194 : -2.7038436e-02 -1.7985421e-01 
   195 : -8.2902347e-03 -2.4238313e-01 
   196 :  4.9023731e-02 -2.5562007e-01 
   197 :  6.9925591e-03 -2.9903486e-01 
   198 : -4.7402720e-02 -2.8753446e-01 
   199 : -3.1452682e-02 -3.3848988e-01 
   200 : -7.9773981e-02 -3.2906287e-01 
   201 :  1.8704228e-02 -3.5149545e-01 
   202 : -6.7138688e-02 -3.7513151e-01 
   203 : -1.1031165e-01 -3.6592586e-01 
   204 : -9.9625239e-02 -4.0679158e-01 
   205 : -1.4052112e-01 -3.9754789e-01 
   206 : -1.5036977e-01 -3.5559787e-01 
   207 : -1.8036586e-01 -3.8894424e-01 
   208 : -1.2747079e-01 -4.3585423e-01 
   209 : -9.0361823e-02 -4.4548826e-01 
   210 : -1.9460982e-01 -3.4411793e-01 
   211 : -2.2637316e-01 -3.8842259e-01 
   212 :  1.2782085e-01 -3.1976511e-02 
   213 : -1.1635178e-01 -4.7175414e-01 
   214 : -8.1357048e-02 -4.8117746e-01 
   215 : -1.4952896e-01 -4.6122813e-01 
   216 : -1.0159563e-01  2.7992444e-02 
   217 : -1.0576394e-01 -5.0588790e-01 
   218 : -7.2320652e-02 -5.1538672e-01 
   219 : -4.6927884e-02 -4.9081480e-01 
   220 : -3.7732085e-02 -5.2592210e-01 
   221 : -1.0078436e-02 -4.9971681e-01 
   222 :  4.2303908e-04 -5.3938484e-01 
   223 :  2.9954041e-02 -5.0944298e-01 
   224 :  4.1007233e-02 -5.5259864e-01 
   225 :  7.2797714e-02 -5.1992440e-01 
   226 :  8.3810911e-02 -5.6422860e-01 
   227 :  5.1253421e-02 -5.9667573e-01 
   228 :  9.4380805e-02 -6.0916253e-01 
   229 :  6.0960334e-02 -6.4143274e-01 
   230 :  1.4149500e-01 -5.7260343e-01 
   231 :  1.0690533e-01 -6.5512426e-01 
   232 :  3.1639587e-02  2.4410711e-01 
   233 :  6.5568758e-02 -6.9258426e-01 
   234 : -2.9129559e-02 -5.6447696e-01 
   235 : -1.0448643e-01 -2.7698585e-01 
   236 : -1.5332161e-01  2.8547361e-01 
   237 : -1.3965390e-01  1.6786172e-01 
   238 : -4.9158918e-02  6.7832465e-01 
   239 :  7.4512816e-02  7.2338563e-01 
   240 : -2.4656680e-01 -3.3574717e-01 
   241 :  1.1883105e-01 -7.0333053e-01 
   242 :  8.5986132e-02 -7.3543383e-01 
   243 : -9.6729841e-02 -5.3810352e-01 
   244 : -1.2677516e-01 -5.3018133e-01 
   245 :  2.7102599e-02 -6.7023746e-01 
   246 : -2.3120406e-02  3.6261316e-01 
   247 : -2.1340510e-01  4.6700811e-01 
   248 : -1.1798100e-01 -5.5877897e-01 
   249 :  1.6083259e-01 -6.6705403e-01 
   250 : -2.0737968e-01 -2.9249534e-01 
   251 : -2.2845007e-01  5.3331618e-01 
   252 :  2.5854210e-02  7.4411575e-01 
   253 :  1.7488982e-01 -7.2301475e-01 
   254 :  6.0862794e-02 -4.7474636e-01 
   255 :  1.0936484e-01 -4.8610772e-01 
   256 : -1.6866479e-02  5.2124747e-01 
   257 : -2.6772523e-01 -2.8186937e-01 
   258 : -2.2524749e-01 -2.3460292e-01 
   259 : -1.8946722e-02 -4.6388473e-01 
   260 : -2.7994174e-01  4.8658096e-01 
   261 : -2.6271702e-01  4.1061773e-01 
   262 :  2.2149230e-01 -6.8167214e-01 
   263 :  9.5374848e-02 -4.3382387e-01 
   264 :  1.5085207e-01 -4.4898487e-01 
   265 :  1.3459033e-01 -3.8996616e-01 
   266 :  1.9550567e-01 -4.0618845e-01 
   267 :  1.7814648e-01 -3.4159169e-01 
   268 :  2.0878004e-01 -4.6397502e-01 
   269 :  2.4509173e-01 -3.5946959e-01 
   270 :  2.2622271e-01 -2.8980023e-01 
   271 : -1.4656125e-01 -5.5475331e-01 
   272 : -1.5366018e-01 -5.2769677e-01 
   273 : -1.7041568e-01 -5.4595712e-01 
   274 : -1.7716266e-01 -5.2416723e-01 
   275 : -1.9088088e-01 -5.4143071e-01 
   276 : -1.9958224e-01 -5.2073676e-01 
   277 : -1.8548465e-01 -5.5976527e-01 
   278 : -2.7818169e-01 -3.7560347e-01 
   279 : -2.6378007e-01 -4.2009272e-01 
   280 : -3.0673991e-01 -4.1239474e-01 
   281 :  9.2563096e-02  5.2356169e-01 
   282 : -2.9035621e-01 -4.5087881e-01 
   283 : -3.3286540e-01 -4.4906711e-01 
   284 : -2.5299629e-01 -4.6465974e-01 
   285 :  2.9909595e-01 -3.0960722e-01 
   286 :  3.1848283e-01  3.6522659e-01 
   287 :  3.1532862e-01  3.4015304e-01 
   288 :  2.8280023e-01  3.3207408e-01 
   289 :  3.0836967e-01  3.0646050e-01 
   290 :  2.7101373e-01  2.9790276e-01 
   291 :  2.9875228e-01  2.6705957e-01 
   292 :  2.5541954e-01  2.5678614e-01 
   293 :  2.8793611e-01  2.2053255e-01 
   294 :  2.3602359e-01  2.0871592e-01 
   295 :  2.0908696e-01  2.5451322e-01 
   296 :  2.7586826e-01  1.6549698e-01 
   297 :  2.1682351e-01  1.5394284e-01 
   298 :  2.5974038e-01  1.0584442e-01 
   299 :  3.4643303e-01  3.5498328e-01 
   300 :  3.4002548e-01  2.7660009e-01 
   301 :  6.8965018e-02  7.7748082e-01 
   302 : -8.9739735e-02 -5.6787896e-01 
   303 :  2.4127299e-01 -7.5321019e-01 
   304 :  4.2059091e-01  8.4384409e-01 
   305 :  3.7857055e-01  4.3731646e-01 
   306 :  2.6947068e-01  6.4888420e-01 
   307 :  3.0235943e-01  6.8132591e-01 
   308 :  2.6256866e-01  6.9268415e-01 
   309 :  2.9136814e-01  7.2845611e-01 
   310 :  2.3618179e-01  7.3496964e-01 
   311 :  2.7736790e-01  7.8503124e-01 
   312 :  3.4235329e-01  7.2124572e-01 
   313 :  2.7893657e-01 -2.3507796e-01 
   314 : -2.0954797e-02 -8.1157872e-01 
   315 :  6.0289064e-05 -8.1329223e-01 
   316 :  7.4217461e-02  5.5814557e-01 
   317 :  1.9498852e-01  9.1292856e-02 
   318 :  2.3876673e-01  3.9495056e-02 
   319 :  3.0660163e-01  5.5410980e-02 
   320 :  2.8938005e-01 -1.5256569e-02 
   321 : -1.3546769e-01 -5.7763528e-01 
   322 : -3.6062613e-01 -5.1253661e-01 
   323 : -3.6098949e-01 -4.9179590e-01 
   324 : -3.7934226e-01 -4.8721563e-01 
   325 :  2.0803673e-01 -2.1589188e-01 
   326 : -2.0218152e-01 -5.5623149e-01 
   327 :  2.5276351e-01 -1.5234195e-01 
   328 :  1.8739525e-02 -9.4268835e-01 
   329 :  6.0472184e-03 -9.2800349e-01 
   330 : -1.8525045e-01 -5.0143006e-01 
   331 : -2.1010037e-01 -4.9748240e-01 
   332 : -2.2323375e-01 -5.2099027e-01 
   333 :  4.0447493e-01 -8.4891545e-01 
   334 : -1.9653502e-01 -5.7499081e-01 
   335 : -2.7990406e-01 -4.8534202e-01 
   336 : -4.2280144e-01  8.4679316e-01 
   337 : -2.9361183e-01 -2.2158605e-01 
   338 : -2.4689428e-01 -1.7164522e-01 
   339 : -1.7902065e-01 -1.8688935e-01 
   340 : -1.9893253e-01 -1.1859263e-01 
   341 : -2.7100075e-01 -1.0184045e-01 
   342 : -2.1910589e-01 -4.6651434e-02 
   343 : -2.9585624e-01 -2.8809235e-02 
   344 : -2.4288416e-01  2.9356227e-02 
   345 :  2.1817488e-01  7.9804362e-01 
   346 :  2.6148594e-01  8.4967528e-01 
   347 :  1.2393147e-01  7.5345858e-01 
   348 : -2.9569080e-01  5.5875169e-01 
   349 : -2.4225442e-01  6.0591122e-01 
   350 :  1.7149982e-01 -7.8795270e-01 
   351 : -1.9435246e-01 -4.7646658e-01 
   352 :  1.4352126e-02  8.0171451e-01 
   353 :  2.0097378e-01  6.3857056e-01 
   354 :  2.1278563e-01  6.6622254e-01 
   355 :  7.8240036e-03 -8.3478382e-01 
   356 :  2.6855698e-02 -8.1431703e-01 
   357 :  3.8969288e-02 -8.4336821e-01 
   358 :  3.8076579e-02 -8.8201834e-01 
   359 :  1.1289479e-02 -7.8851148e-01 
   360 :  7.8303804e-02 -8.6064867e-01 
   361 : -2.4977805e-01 -5.4981433e-01 
   362 : -1.3452442e-01 -1.3826589e-01 
   363 : -3.4985512e-01 -4.0735833e-01 
   364 :  1.4443349e-01  3.9033997e-01 
   365 :  1.5187595e-01  3.6395810e-01 
   366 :  1.1566683e-01  3.8643313e-01 
   367 :  1.1717427e-01  3.4952112e-01 
   368 :  8.4349007e-02  3.6681955e-01 
   369 :  1.4587729e-01  3.2452247e-01 
   370 :  1.0712008e-01  3.0881761e-01 
   371 :  1.3947212e-01  2.8379956e-01 
   372 : -3.2013098e-01  4.7366638e-02 
   373 : -2.6469763e-01  1.0729544e-01 
   374 : -3.5072722e-01  5.1322000e-01 
   375 : -3.3320177e-01 -2.7124372e-01 
   376 :  1.9646981e-01 -6.1429695e-01 
   377 :  2.7969610e-01 -6.4053364e-01 
   378 :  2.4736444e-01  3.2330590e-01 
   379 :  2.5315751e-01 -5.7068396e-01 
   380 : -3.1207058e-01 -4.8141108e-01 
   381 :  3.2751324e-01 -5.6607910e-01 
   382 :  2.9787265e-01 -5.1089567e-01 
   383 :  3.7808947e-01  6.4435530e-01 
   384 : -3.4507084e-02  7.6569815e-01 
   385 :  3.9945605e-01  5.2704458e-01 
   386 :  4.2869064e-01  4.9785797e-01 
   387 : -4.6706313e-01 -4.8820937e-01 
   388 :  5.6844852e-02  5.2460611e-01 
   389 :  7.9752518e-02  3.9740821e-01 
   390 :  4.8676380e-02  3.8235237e-01 
   391 :  4.4315160e-02  4.2471170e-01 
   392 :  5.1783270e-02  3.4215173e-01 
   393 :  6.4420083e-02  8.4225198e-01 
   394 :  1.1757707e-01 -3.2873199e-01 
   395 :  3.5854077e-01  9.2463412e-03 
   396 :  3.9117049e-02 -7.8801490e-01 
   397 :  2.5424088e-02 -7.5984686e-01 
   398 :  3.5449945e-01 -2.4679202e-01 
   399 :  9.6295592e-02  2.6656696e-01 
   400 :  1.3454929e-01  2.3565966e-01 
   401 :  8.6752259e-02  2.1862966e-01 
   402 :  1.1578803e-01  1.6822535e-01 
   403 : -6.4591395e-03 -7.6012209e-01 
   404 :  8.7416328e-03 -7.3277562e-01 
   405 : -1.9827677e-02 -7.3400806e-01 
   406 : -7.5398004e-03 -7.0987454e-01 
   407 : -3.4861033e-02 -7.0995921e-01 
   408 : -2.2827030e-02 -6.8652775e-01 
   409 : -5.1982142e-02 -6.8631918e-01 
   410 : -3.8205438e-02 -6.6329543e-01 
   411 : -6.5239009e-02 -6.6292488e-01 
   412 : -5.3968379e-02 -6.4056965e-01 
   413 : -2.9368660e-02 -6.3378617e-01 
   414 : -7.9377647e-02 -6.4254645e-01 
   415 : -6.9276015e-02 -6.1697969e-01 
   416 :  2.1237895e-01 -2.5120719e-02 
   417 :  1.7832839e-01 -1.4517499e-01 
   418 : -1.6771460e-01 -5.6578958e-01 
   419 :  3.8966672e-01 -3.1186174e-01 
   420 :  4.6015350e-02 -4.3156854e-01 
   421 : -2.2734405e-01 -4.3653035e-01 
   422 : -3.7252047e-01 -4.3940523e-01 
   423 : -3.7545356e-01 -1.2749776e-02 
   424 :  3.7618261e-02  5.6266114e-01 
   425 : -1.5291045e-01 -6.1194027e-01 
   426 :  2.2255240e-02 -6.2940556e-01 
   427 :  1.5457007e-01 -9.1603599e-01 
   428 :  4.0293001e-01  5.9990431e-01 
   429 : -2.4940009e-01 -5.2393559e-01 
   430 : -4.5783046e-02 -7.5785144e-01 
   431 :  9.4054186e-02  5.7964659e-01 
   432 : -1.8650232e-01  8.8441023e-02 
   433 : -1.8187428e-01 -5.7576811e-01 
   434 :  4.3180208e-01  2.4703596e-01 
   435 :  9.3721336e-03 -5.8661750e-01 
   436 :  1.8372090e-01  2.9720488e-01 
   437 : -2.3570829e-01 -4.9597422e-01 
   438 : -3.1259708e-01  6.3314413e-01 
   439 : -2.5469200e-01  6.8503745e-01 
   440 : -3.3416710e-01  7.1167082e-01 
   441 : -2.6728762e-01  7.6622929e-01 
   442 : -1.8406767e-01  7.2752671e-01 
   443 : -1.2042265e-01 -2.0823416e-01 
   444 : -6.1428208e-02 -7.3193986e-01 
   445 : -6.6616374e-02 -7.1491991e-01 
   446 : -4.7635056e-02 -7.3293242e-01 
   447 :  4.2096251e-01  3.2025310e-01 
   448 : -2.3022951e-01 -5.4239957e-01 
   449 : -2.0960189e-01 -5.4011657e-01 
   450 :  4.1576705e-01 -5.4589575e-01 
   451 : -4.1268981e-01 -2.5796377e-01 
   452 : -2.0524329e-01  8.1839516e-01 
   453 : -1.1336031e-01  7.7813599e-01 
   454 : -1.4048936e-01 -4.9809735e-01 
   455 : -1.3352420e-01  8.6605232e-01 
   456 : -2.9339597e-01 -5.0750215e-01 
   457 : -2.0881062e-01 -5.7887791e-01 
   458 :  3.3232828e-01  1.8346399e-01 
   459 :  3.4196046e-01 -7.0685929e-02 
   460 : -1.6310691e-01 -4.2678936e-01 
   461 :  8.2914981e-02 -9.0985896e-01 
   462 :  9.2846130e-03 -9.0654870e-01 
   463 :  3.4337917e-02 -9.2123120e-01 
   464 : -4.1701181e-01  2.4850860e-01 
   465 : -3.3863813e-01  2.9165143e-01 
   466 : -3.3986513e-01  2.0582340e-01 
   467 : -2.6528389e-01  2.5031063e-01 
   468 : -3.7921267e-02  4.1288688e-01 
   469 : -4.4189677e-02  4.6779977e-01 
   470 :  1.1245915e-02  4.7168302e-01 
   471 : -2.3088720e-02 -3.8459230e-01 
   472 : -5.2761226e-02  8.3213110e-01 
   473 : -2.7391535e-01  3.3017426e-01 
   474 : -1.1250755e-01 -5.8560845e-01 
   475 :  4.0674115e-01  7.0439881e-01 
   476 : -2.5395446e-02 -6.0109591e-01 
   477 : -5.5978921e-02 -5.8607116e-01 
   478 :  4.1551334e-01 -7.4983986e-01 
   479 :  3.2054974e-01 -7.7631544e-01 
   480 :  3.3680143e-01 -6.9987007e-01 
   481 : -6.0090260e-02 -4.1546645e-01 
   482 :  4.2898384e-01  3.8213254e-01 
   483 : -1.1359756e-01  7.1091307e-01 
   484 :  3.6886770e-01  4.1674673e-01 
   485 :  3.7526912e-01  3.8633689e-01 
   486 : -6.3605132e-02 -5.4963990e-01 
   487 : -9.5436796e-02 -6.2531840e-01 
   488 : -5.2221931e-02 -1.1426145e-01 
   489 : -7.7635727e-02 -4.9730035e-02 
   490 :  1.7830538e-01  3.3590579e-01 
   491 :  2.0909454e-01  3.2141751e-01 
   492 : -1.6082408e-01 -2.5039638e-01 
   493 :  7.6115076e-02  4.8984811e-01 
   494 :  9.3208171e-02  4.5514316e-02 
   495 :  4.6343255e-03  3.1161439e-01 
   496 :  9.6413710e-02 -2.2047588e-01 
   497 :  2.2928335e-01  2.9185507e-01 
   498 :  1.6645986e-01  3.5900895e-02 
   499 : -8.5639730e-02 -6.6671503e-01 
   500 : -3.4010109e-01 -4.7816232e-01 
   501 : -3.9494568e-01 -4.0042697e-01 
   502 : -4.1318774e-01 -4.4193397e-01 
   503 : -2.0080306e-01 -5.8740890e-01 
   504 : -8.9671638e-02 -5.9935981e-01 
   505 : -4.1838440e-01  7.5023312e-01 
   506 :  4.0182009e-01  4.1608638e-01 
   507 : -4.9427224e-03 -8.5262014e-01 
   508 :  1.5358582e-01 -2.6671423e-01 
   509 :  6.5579783e-02  5.9893524e-01 
   510 :  4.4428432e-01  4.4194422e-01 
   511 :  4.4306986e-02 -7.3126519e-01 
   512 : -4.0814282e-01  4.4911785e-01 
   513 :  1.8111336e-01  6.6092571e-01 
   514 :  1.9351921e-01  7.0092238e-01 
   515 : -2.7089445e-01 -5.1322862e-01 
   516 :  3.4789370e-02  9.2217932e-01 
   517 : -3.2598531e-01 -3.6898579e-01 
   518 : -1.9188400e-01  4.0507383e-01 
   519 : -1.8748677e-01  6.5698220e-01 
   520 : -4.3731456e-01 -4.0830048e-01 
   521 : -3.3872584e-01  3.7836657e-01 
   522 :  7.0270946e-02 -3.7761667e-01 
   523 :  3.3390147e-01 -1.7790637e-01 
   524 :  2.6169719e-01  3.5406448e-01 
   525 : -1.4926116e-01 -6.7205831e-02 
   526 :  1.7825551e-01  2.0372797e-01 
   527 :  2.6623558e-01 -7.8467719e-02 
   528 : -1.5628592e-01 -3.0792910e-01 
   529 : -2.0867040e-01  1.5417678e-01 
   530 : -1.8951084e-01  2.2408028e-01 
   531 : -8.0871131e-02 -7.0595488e-01 
   532 :  2.4838214e-01 -8.2314818e-01 
   533 :  6.3456470e-02  3.0153911e-01 
   534 :  3.4865131e-01 -9.2407572e-01 
   535 :  1.2973951e-01 -9.6131911e-02 
   536 : -2.1021302e-01 -5.6790029e-01 
   537 : -2.1792093e-01 -5.5599005e-01 
   538 : -3.4972195e-01 -8.7150125e-02 
   539 :  4.2686300e-01  4.7182804e-02 
   540 :  1.8497707e-01  7.5221881e-01 
   541 :  1.5793092e-01  8.0308785e-01 
   542 : -3.4489948e-01  9.0356233e-01 
   543 :  3.6151770e-01  9.1794933e-01 
   544 :  3.3183454e-01  8.3244406e-01 
   545 : -3.2398110e-01 -1.5695076e-01 
   546 : -4.0868952e-01  6.8751465e-02 
   547 :  4.2388278e-01 -5.1710600e-02 
   548 :  1.6365315e-01 -5.1156453e-01 
   549 :  8.3358952e-03  3.9832374e-01 
   550 :  3.8321996e-01  7.7196099e-01 
   551 : -4.2097021e-01  5.6311639e-01 
   552 :  3.3476845e-01 -3.8336761e-01 
   553 : -1.0912630e-01  1.0268623e-01 
   554 :  6.7151477e-02 -8.1196323e-01 
   555 :  1.1968530e-01 -8.3177814e-01 
   556 :  1.0960577e-01 -7.8307190e-01 
   557 :  2.3041639e-01  9.2470406e-01 
   558 : -3.4782954e-01  7.9505609e-01 
   559 : -1.7118019e-01  6.0604664e-03 
   560 : -6.1926552e-03 -6.5555447e-01 
   561 : -5.3663194e-02 -4.5352799e-01 
   562 : -6.4589881e-02 -2.2607759e-01 
   563 :  6.0260171e-02 -3.1491710e-01 
   564 : -4.3180903e-01 -4.7836220e-01 
   565 : -4.5822908e-01 -4.5280100e-01 
   566 :  1.3159597e-01  9.6200370e-02 
   567 : -3.5537640e-01 -2.1154886e-01 
   568 :  1.9073049e-01  8.5781816e-01 
   569 :  2.5998848e-01 -4.2346408e-01 
   570 : -2.2059853e-01 -4.7271027e-01 
   571 : -2.9837994e-01 -3.2692066e-01 
   572 : -1.7235355e-01  3.4448863e-01 
   573 : -1.7889042e-01  5.7839588e-01 
   574 : -3.3690393e-01  1.2800476e-01 
   575 : -6.9896761e-02 -6.9600454e-01 
   576 :  4.6448930e-02  1.7494380e-01 
   577 : -9.0762273e-02  6.4638877e-01 
   578 :  3.2539994e-01  1.2303722e-01 
   579 :  1.9413318e-01 -5.5801364e-01 
   580 :  4.4017797e-01  6.3443909e-01 
   581 : -3.6160056e-01 -4.6804976e-01 
   582 :  1.9022394e-02 -4.6985228e-01 
   583 :  4.3663325e-01  5.6021207e-01 
   584 :  1.1553183e-01 -5.3140888e-01 
   585 : -1.3358080e-01 -6.0060396e-01 
   586 : -1.5292861e-01 -5.9199109e-01 
   587 :  2.3182091e-02 -7.0445750e-01 
   588 :  2.6675846e-03  8.6401783e-01 
   589 : -2.8331236e-02 -7.5232830e-01 
   590 :  3.4682712e-01  3.2100696e-01 
   591 : -1.6844793e-01 -5.8284383e-01 
   592 : -1.4643881e-02  7.1104088e-01 
   593 :  1.1791405e-01  7.0203379e-01 
   594 : -4.2528431e-01 -7.2843731e-02 
   595 : -1.6605090e-02 -7.8286005e-01 
   596 :  1.7673810e-01 -8.5755989e-01 
   597 :  4.2516143e-02 -9.5707300e-01 
   598 : -1.6500213e-01 -5.0682897e-01 
   599 : -1.0152676e-01 -6.5293450e-01 
   600 :  9.7145352e-02 -2.7715066e-01 
   601 : -3.0211112e-01 -5.2526878e-01 
   602 : -3.1544710e-01 -5.1152896e-01 
   603 : -3.2926077e-01 -4.9492033e-01 
   604 :  3.3751691e-01  3.8363655e-01 
   605 : -1.6867446e-01 -4.8286765e-01 
   606 : -1.0082121e-01 -6.7495182e-01 
   607 :  6.2633241e-02  4.5944266e-01 
   608 : -2.7937374e-01  8.3931897e-01 
   609 :  4.3103745e-01 -2.4470853e-01 
   610 : -1.8603797e-01 -5.8941740e-01 
   611 : -2.2255868e-01 -5.6624403e-01 
   612 : -4.4598092e-02 -6.1670762e-01 
   613 :  3.8762411e-01  3.4775639e-01 
   614 : -3.4654440e-01 -5.0254128e-01 
   615 : -4.0757401e-01 -4.7168503e-01 
   616 :  1.6601055e-01  1.4109624e-01 
   617 : -1.1470782e-01 -6.1326243e-01 
   618 : -3.6087591e-01 -3.2346874e-01 
   619 : -2.4295426e-02 -4.2433621e-01 
   620 : -1.7742339e-01 -4.5315481e-01 
   621 :  3.9920609e-01  4.5814391e-01 
   622 : -2.0429401e-01 -4.5126847e-01 
   623 : -2.7063831e-01  1.8121701e-01 
   624 :  1.4001671e-01 -6.2364824e-01 
   625 : -1.9602225e-01 -4.2202832e-01 
   626 :  3.1811095e-01 -4.5223273e-01 
   627 : -3.9535531e-01 -4.8364809e-01 
   628 :  1.2241396e-01  5.7703173e-01 
   629 :  1.9454447e-01 -8.8202300e-02 
   630 :  3.9731374e-03 -6.8587928e-01 
   631 :  1.5449227e-01  7.1775100e-01 
   632 : -3.2805093e-01  4.4758062e-01 
   633 :  1.4723370e-01 -1.9787876e-01 
   634 :  9.6078427e-02  4.2636206e-01 
   635 :  4.5888819e-02  4.9452399e-01 
   636 :  3.2676273e-01  2.3217695e-01 
   637 :  1.8061893e-02  3.5941108e-01 
   638 :  4.2956631e-01  9.2778343e-01 
   639 : -2.1258089e-01  2.9931746e-01 
   640 : -2.2393599e-01 -5.7555001e-01 
   641 :  3.2688695e-01  7.6557468e-01 
   642 : -8.3274028e-02 -1.6024745e-01 
   643 : -3.5709873e-01  5.8322218e-01 
   644 :  2.3079794e-01  3.4508384e-01 
   645 :  3.5308957e-01 -5.0501252e-01 
   646 : -3.7110079e-01 -3.6866785e-01 
   647 : -1.4128997e-01  6.7074572e-01 
   648 :  4.2679492e-01 -9.2679492e-01 
   649 :  1.7369519e-01  6.3307934e-01 
   650 : -4.2679492e-01  9.2679492e-01 
   651 :  1.6901695e-01  2.5498106e-01 
   652 : -1.4836391e-01  9.4314420e-01 
   653 : -1.5316456e-01 -5.7496394e-01 
   654 :  4.2981389e-01 -3.7765188e-01 
   655 :  1.2065524e-01 -8.7718217e-01 
   656 :  2.4437274e-01  6.6545338e-01 
   657 : -1.3488873e-01 -6.2033744e-01 
   658 : -3.6427947e-03  4.3508102e-01 
   659 :  2.2832007e-01 -5.1749198e-01 
   660 :  4.4211040e-01  7.6404078e-01 
   661 :  2.7890318e-01 -7.0647960e-01 
   662 :  3.5457752e-01 -6.2621525e-01 
   663 : -6.2784333e-03 -6.1974961e-01 
   664 :  6.1931917e-02 -7.6826599e-01 
   665 : -1.2004575e-01 -3.2798121e-01 
   666 : -5.0785329e-02 -7.2022586e-01 
   667 :  1.6678847e-02 -3.9895960e-01 
   668 :  3.5047495e-01  6.7824774e-01 
   669 :  9.5116851e-02  9.0716589e-01 
   670 :  1.2284015e-01  8.5085577e-01 
   671 :  1.9683248e-01  3.7011733e-01 
   672 :  7.6948887e-03 -4.3772027e-01 
   673 :  3.8366880e-01  2.8764684e-01 
   674 :  1.6778425e-02 -8.5788230e-01 
   675 :  8.4776620e-02  3.3376982e-01 
   676 : -6.7571343e-02  7.2457802e-01 
   677 :  3.7231386e-01  2.2484195e-01 
   678 : -3.8986409e-02 -7.4162538e-01 
   679 : -3.0546443e-02 -7.6882118e-01 
   680 : -2.5792070e-01 -4.9606707e-01 
   681 : -2.3507210e-02 -7.9679065e-01 
   682 : -8.6500701e-03 -7.9872113e-01 
   683 :  1.3216252e-01 -7.4656074e-01 
   684 :  2.2890167e-01  6.9202556e-01 
   685 :  3.6616056e-01  7.6975468e-02 
   686 : -1.3335713e-01  2.3420726e-01 
   687 :  3.1143943e-01 -8.5878423e-01 
   688 :  2.2888809e-02  5.2164349e-01 
   689 :  4.6248659e-01  3.5059641e-01 
   690 : -7.5605843e-02 -6.7938478e-01 
   691 :  1.0734613e-01  6.0532486e-01 
   692 :  1.6248635e-01  3.8844671e-01 
   693 :  1.0761753e-01  8.0542700e-01 
   694 : -3.8419101e-02 -7.2775019e-01 
   695 : -5.4828328e-02 -7.0548574e-01 
   696 : -3.8541682e-01 -4.6362562e-01 
   697 : -2.8648829e-01 -5.2511339e-01 
   698 : -1.2491817e-01 -2.0720739e-02 
   699 :  2.6261444e-01 -4.7361190e-01 
   700 :  3.1911251e-01 -1.2674159e-01 
   701 : -1.0046591e-01 -9.7694001e-02 
   702 :  3.2935050e-03  5.5548252e-01 
   703 :  1.8130580e-01  3.5973126e-01 
   704 :  2.9490121e-01  9.0503452e-01 
   705 : -2.2191137e-01  3.5962072e-01 
   706 :  2.4623887e-01  6.4544288e-01 
Number of edges 113 
     0 :      0      6 
     1 :      6      7 
     2 :      7      8 
     3 :      8      9 
     4 :      9     10 
     5 :     10     11 
     6 :     11     12 
     7 :     12     13 
     8 :     13     14 
     9 :     14     15 
    10 :     15     16 
    11 :     16     17 
    12 :     17     18 
    13 :     18     19 
    14 :     19     20 
    15 :     20     21 
    16 :     21     22 
    17 :     22     23 
    18 :     23     24 
    19 :     24     25 
    20 :     25     26 
    21 :     26     27 
    22 :     27      0 
    23 :      1     28 
    24 :     28     29 
    25 :     29     30 
    26 :     30     31 
    27 :     31     32 
    28 :     32     33 
    29 :     33     34 
    30 :     34     35 
    31 :     35     36 
    32 :     36     37 
    33 :     37     38 
    34 :     38     39 
    35 :     39     40 
    36 :     40     41 
    37 :     41     42 
    38 :     42     43 
    39 :     43     44 
    40 :     44     45 
    41 :     45     46 
    42 :     46     47 
    43 :     47     48 
    44 :     48     49 
    45 :     49     50 
    46 :     50     51 
    47 :     51     52 
    48 :     52     53 
    49 :     53     54 
    50 :     54     55 
    51 :     55     56 
    52 :     56     57 
    53 :     57     58 
    54 :     58     59 
    55 :     59     60 
    56 :     60     61 
    57 :     61     62 
    58 :     62     63 
    59 :     63     64 
    60 :     64     65 
    61 :     65     66 
    62 :     66      2 
    63 :      1     67 
    64 :     67     68 
    65 :     68     69 
    66 :     69     70 
    67 :     70      3 
    68 :      4     71 
    69 :     71     72 
    70 :     72     73 
    71 :     73     74 
    72 :     74     75 
    73 :     75     76 
    74 :     76     77 
    75 :     77     78 
    76 :     78     79 
    77 :     79     80 
    78 :     80     81 
    79 :     81     82 
    80 :     82     83 
    81 :     83     84 
    82 :     84      2 
    83 :      3     85 
    84 :     85     86 
    85 :     86     87 
    86 :     87     88 
    87 :     88     89 
    88 :     89     90 
    89 :     90     91 
    90 :     91     92 
    91 :     92     93 
    92 :     93     94 
    93 :     94     95 
    94 :     95     96 
    95 :     96     97 
    96 :     97     98 
    97 :     98     99 
    98 :     99    100 
    99 :    100    101 
   100 :    101    102 
   101 :    102    103 
   102 :    103      5 
   103 :      5    104 
   104 :    104    105 
   105 :    105    106 
   106 :    106    107 
   107 :    107    108 
   108 :    108    109 
   109 :    109    110 
   110 :    110    111 
   111 :    111    112 
   112 :    112      4 
Number of triangles 1301 
     0 :    295    497    436
     1 :    431    509    316
     2 :    399    533    232
     3 :    281    493     16
     4 :    554    664    396
     5 :    423    546     80
     6 :    426    560    245
     7 :    332    437    429
     8 :    552    626    130
     9 :    416    498    212
    10 :    212    629    416
    11 :    192    633    417
    12 :    167    469    256
    13 :    306    706     10
    14 :    595    679    120
    15 :    244    454    272
    16 :    316    509    424
    17 :    232    401    399
    18 :     17    121     18
    19 :    187    566    402
    20 :    402    576    187
    21 :    130    654    552
    22 :    548    584    230
    23 :    234    435    222
    24 :    417    535    192
    25 :    230    624    376
    26 :    419    654     91
    27 :      7    151      8
    28 :    216    553    432
    29 :    334    610    433
    30 :    436    497    491
    31 :    122    523    398
    32 :    389    634    391
    33 :    217    454    244
    34 :     91    609    419
    35 :    364    366    365
    36 :    430    678    118
    37 :    374    551    512
    38 :     13    628     14
    39 :    146    618    451
    40 :    424    509    163
    41 :     12    131     13
    42 :    432    559    216
    43 :    386    583    385
    44 :     51    361    115
    45 :    129    657     44
    46 :    391    634    607
    47 :     31    462     32
    48 :    453    676    384
    49 :    503    610    334
    50 :     21    671    117
    51 :    457    536    113
    52 :    458    578    137
    53 :    232    576    401
    54 :    381    662    450
    55 :    477    486    302
    56 :    452    455    145
    57 :    327    629    417
    58 :     11    353     12
    59 :    479    661    303
    60 :    429    448    332
    61 :    234    486    477
    62 :    169    469    167
    63 :     14    123     15
    64 :    474    617    504
    65 :    395    547    539
    66 :    451    567    124
    67 :    283    380    282
    68 :    398    609    122
    69 :    455    472    136
    70 :    512    551     75
    71 :    125    144     59
    72 :    448    449    332
    73 :     80    594    423
    74 :    437    680    429
    75 :    469    470    256
    76 :    527    629    327
    77 :     45    425    114
    78 :    391    607    470
    79 :    376    579    230
    80 :    403    679    595
    81 :    384    472    453
    82 :    401    576    402
    83 :    552    654    419
    84 :    589    679    403
    85 :    275    326    277
    86 :    328    463    329
    87 :    222    435    224
    88 :     63    564     64
    89 :     43    599    129
    90 :    428    583    580
    91 :    467    623    530
    92 :    229    426    245
    93 :     82    451    124
    94 :    181    576    232
    95 :    601    602    140
    96 :    450    662    138
    97 :    283    500    380
    98 :    443    492    235
    99 :    530    623    529
   100 :    539    547     94
   101 :    275    277    273
   102 :    427    461     67
   103 :    127    314     35
   104 :    302    504    477
   105 :    326    334    277
   106 :    300    677    673
   107 :    385    583    152
   108 :     16    493    150
   109 :    453    472    455
   110 :     15    281     16
   111 :     27    621      0
   112 :    233    587    511
   113 :    504    617    487
   114 :    230    579    548
   115 :    566    616    402
   116 :    126    564     63
   117 :    461    597     67
   118 :    599    606    499
   119 :    234    476    435
   120 :    519    573    170
   121 :     80    546     79
   122 :    206    528    210
   123 :    426    663    560
   124 :     62    144    126
   125 :    451    618    375
   126 :    245    587    233
   127 :    280    282    279
   128 :     47    503    457
   129 :    282    335    284
   130 :    370    675    533
   131 :    455    652    145
   132 :     84    146     83
   133 :    485    604    299
   134 :    438    440    132
   135 :     21    644    524
   136 :    163    702    424
   137 :    366    367    365
   138 :    121    364     18
   139 :    480    661    479
   140 :    421    625    211
   141 :    133    462    358
   142 :    349    573    519
   143 :    506    621    305
   144 :    392    637    495
   145 :    490    491    117
   146 :    556    664    554
   147 :    220    486    234
   148 :    143    306      9
   149 :    361    429    115
   150 :     22    524    135
   151 :     49    640    148
   152 :    535    629    212
   153 :    210    528    250
   154 :    125    324    144
   155 :     54    140     55
   156 :    450    645    381
   157 :    466    467    465
   158 :    350    683    556
   159 :    464    465    139
   160 :    273    418    271
   161 :    404    405    403
   162 :    284    680    437
   163 :    282    284    279
   164 :    524    644    378
   165 :    477    504    415
   166 :    283    581    500
   167 :    213    454    217
   168 :    536    611    113
   169 :    470    658    391
   170 :    495    533    392
   171 :    496    600    508
   172 :    558    608    542
   173 :    280    283    282
   174 :    147    604    485
   175 :    483    577    238
   176 :    361    448    429
   177 :    279    421    211
   178 :    508    633    496
   179 :    607    634    150
   180 :    560    663    413
   181 :     56    322     57
   182 :    229    245    233
   183 :    237    529    432
   184 :     88    450    138
   185 :     44    425     45
   186 :    397    403    359
   187 :    272    273    271
   188 :    459    700    122
   189 :    148    611    537
   190 :    442    647    483
   191 :    282    380    335
   192 :    431    691    509
   193 :    143    307    306
   194 :    432    553    237
   195 :    464    466    465
   196 :    329    463    462
   197 :    227    426    229
   198 :    284    570    421
   199 :    173    469    169
   200 :    146    451     83
   201 :     39    444     40
   202 :    224    435    227
   203 :    177    495    246
   204 :    274    275    273
   205 :    235    562    443
   206 :     37    430     38
   207 :    244    271    248
   208 :    448    537    449
   209 :    336    558    542
   210 :    380    456    335
   211 :    140    602     55
   212 :    578    685    137
   213 :    261    521    473
   214 :    350    556    555
   215 :    519    647    442
   216 :      8    151    143
   217 :    514    684    310
   218 :    233    511    242
   219 :     77    464    139
   220 :     96    434    137
   221 :    509    691    157
   222 :    403    595    359
   223 :     97    447    434
   224 :    303    532    479
   225 :     38    430    118
   226 :    381    645    382
   227 :    148    537    448
   228 :    211    625    207
   229 :    208    460    215
   230 :    478    480    479
   231 :     34    507    127
   232 :    244    248    243
   233 :    215    454    213
   234 :    271    321    248
   235 :    217    244    243
   236 :    478    479    333
   237 :    250    528    492
   238 :     96    137     95
   239 :    250    492    258
   240 :    422    581    283
   241 :    121    634    366
   242 :    148    361     50
   243 :    152    583    428
   244 :    440    505    132
   245 :    129    599    487
   246 :    131    153     13
   247 :    437    570    284
   248 :    310    540    514
   249 :    122    547    459
   250 :    120    681    595
   251 :    533    675    392
   252 :    332    449    276
   253 :    208    215    213
   254 :    278    279    211
   255 :    205    208    204
   256 :    203    204    202
   257 :    635    688    470
   258 :    200    202    199
   259 :    370    533    399
   260 :     68    427     67
   261 :    136    652    455
   262 :    142    427     68
   263 :    323    614    500
   264 :    202    481    471
   265 :    227    435    426
   266 :    198    199    197
   267 :    107    141    106
   268 :      7    152    151
   269 :    198    200    199
   270 :    149    692    365
   271 :    292    497    295
   272 :    334    536    457
   273 :     43    606    599
   274 :    593    631    347
   275 :    467    473    465
   276 :    295    651    526
   277 :    139    521    512
   278 :    122    700    523
   279 :    195    198    197
   280 :    200    203    202
   281 :    253    683    350
   282 :    495    637    246
   283 :    318    498    416
   284 :    278    280    279
   285 :    128    466    464
   286 :    234    477    476
   287 :    335    680    284
   288 :    429    680    515
   289 :    203    205    204
   290 :    138    480    478
   291 :    208    213    209
   292 :     72    505    336
   293 :    415    612    477
   294 :    175    468    173
   295 :    425    586    114
   296 :    113    640     48
   297 :    532    596    142
   298 :    109    136    108
   299 :    120    679     37
   300 :    246    468    175
   301 :    483    676    453
   302 :    326    536    334
   303 :    107    669    141
   304 :    127    315    314
   305 :    217    243    218
   306 :    213    217    214
   307 :    462    463    358
   308 :    456    602    601
   309 :    185    494    187
   310 :    521    632    512
   311 :    232    495    179
   312 :    436    651    295
   313 :    130    450     89
   314 :     86    478    333
   315 :    454    598    272
   316 :     99    583    386
   317 :    263    522    420
   318 :    470    688    256
   319 :    473    521    465
   320 :    267    508    394
   321 :    526    651    400
   322 :     88    138     87
   323 :    380    602    456
   324 :    137    677    458
   325 :    468    469    173
   326 :    205    460    208
   327 :    446    666    444
   328 :    128    464     78
   329 :    496    633    192
   330 :    189    191    190
   331 :     97    434     96
   332 :    174    175    173
   333 :    272    274    273
   334 :    244    272    271
   335 :    177    246    175
   336 :    135    524    288
   337 :    216    489    186
   338 :    191    193    192
   339 :    607    635    470
   340 :     16    150     17
   341 :    132    643    438
   342 :    317    498    318
   343 :    405    589    403
   344 :    277    418    273
   345 :     79    546    128
   346 :    516    669    107
   347 :     90    130     89
   348 :    442    483    453
   349 :     29    329     30
   350 :    138    478     87
   351 :    339    443    362
   352 :    456    515    335
   353 :    258    492    339
   354 :    194    195    193
   355 :    377    661    480
   356 :     32    462    133
   357 :    406    407    405
   358 :     55    602    116
   359 :    397    404    403
   360 :     28    328     29
   361 :    208    209    204
   362 :    195    197    196
   363 :    410    411    409
   364 :     77    139     76
   365 :     79    128     78
   366 :     74    132     73
   367 :    339    492    443
   368 :    194    642    562
   369 :    148    448    361
   370 :    115    697     52
   371 :    172    173    169
   372 :     45    114     46
   373 :    220    234    222
   374 :    181    232    179
   375 :    522    563    201
   376 :    412    414    411
   377 :    224    227    226
   378 :    153    628     13
   379 :    207    460    205
   380 :    673    677    434
   381 :     82    124     81
   382 :    288    378    290
   383 :    124    545    538
   384 :     93    122     92
   385 :    418    653    271
   386 :    480    662    377
   387 :    288    524    378
   388 :    636    677    300
   389 :    142    596    427
   390 :    419    609    398
   391 :     14    628    123
   392 :    167    256    165
   393 :    491    497    378
   394 :    277    433    418
   395 :    295    526    294
   396 :    590    613    299
   397 :    562    642    443
   398 :    239    593    347
   399 :    442    453    452
   400 :    195    196    193
   401 :    317    566    498
   402 :    284    421    279
   403 :    378    644    491
   404 :    186    489    189
   405 :    189    488    191
   406 :    185    187    183
   407 :    179    495    177
   408 :    186    189    188
   409 :    109    652    136
   410 :     89    450     88
   411 :    218    486    220
   412 :    530    639    467
   413 :     78    464     77
   414 :    202    471    199
   415 :    213    214    209
   416 :    344    432    373
   417 :    492    528    235
   418 :    487    599    414
   419 :    217    218    214
   420 :    270    508    267
   421 :    570    622    421
   422 :    103    304    102
   423 :    439    519    442
   424 :    415    504    487
   425 :    191    194    193
   426 :    420    582    254
   427 :    151    383    143
   428 :    137    539     95
   429 :    248    474    302
   430 :    199    471    201
   431 :    117    644     21
   432 :    212    498    494
   433 :    248    302    243
   434 :    327    417    325
   435 :    513    514    160
   436 :    160    631    593
   437 :    498    566    494
   438 :    626    645    130
   439 :    189    190    188
   440 :     83    451     82
   441 :    212    494    188
   442 :    439    442    441
   443 :    191    192    190
   444 :    199    201    197
   445 :    436    490    369
   446 :    356    554    396
   447 :    294    526    297
   448 :     69    142     68
   449 :    465    521    139
   450 :    172    174    173
   451 :    117    703    490
   452 :    321    474    248
   453 :    491    644    117
   454 :    227    229    228
   455 :    404    406    405
   456 :    148    640    611
   457 :    238    676    483
   458 :    251    573    349
   459 :    324    627    144
   460 :    408    409    407
   461 :    328    329     29
   462 :    191    488    194
   463 :    365    692    364
   464 :    124    567    545
   465 :     87    478     86
   466 :    415    487    414
   467 :     41    531    119
   468 :    132    505     73
   469 :    111    145    110
   470 :     93    547    122
   471 :    292    295    294
   472 :    375    567    451
   473 :    344    559    432
   474 :    108    516    107
   475 :    139    512     76
   476 :    194    562    195
   477 :    122    609     92
   478 :    188    494    185
   479 :    386    510     99
   480 :    483    647    577
   481 :    313    325    270
   482 :    522    667    420
   483 :     52    697    601
   484 :    265    522    263
   485 :    145    608    452
   486 :    325    508    270
   487 :    246    549    468
   488 :    174    176    175
   489 :    136    516    108
   490 :    204    481    202
   491 :     86    333     85
   492 :    414    499    411
   493 :     76    512     75
   494 :    229    233    231
   495 :    165    702    163
   496 :    233    242    241
   497 :    373    623    574
   498 :     72    336     71
   499 :    334    433    277
   500 :     73    505     72
   501 :    357    554    356
   502 :    505    558    336
   503 :    376    624    249
   504 :    434    677    137
   505 :    201    667    522
   506 :    363    422    283
   507 :    510    621    506
   508 :     17    634    121
   509 :    337    567    375
   510 :    190    212    188
   511 :     95    539     94
   512 :    339    362    340
   513 :    267    394    265
   514 :    176    177    175
   515 :     64    387     65
   516 :    331    332    276
   517 :    433    610    591
   518 :    313    327    325
   519 :    474    504    302
   520 :    380    603    602
   521 :    476    612    413
   522 :    410    412    411
   523 :    106    557    105
   524 :    371    436    369
   525 :    251    349    348
   526 :    550    660    304
   527 :    366    634    389
   528 :    263    420    254
   529 :     75    551     74
   530 :    232    533    495
   531 :    391    658    549
   532 :    344    373    372
   533 :    184    186    185
   534 :    307    308    306
   535 :      0    385      6
   536 :    394    522    265
   537 :    184    216    186
   538 :    411    690    409
   539 :    445    575    531
   540 :    364    692     18
   541 :    447    673    434
   542 :    271    653    321
   543 :    342    344    343
   544 :    477    612    476
   545 :    442    452    441
   546 :    494    566    187
   547 :    206    207    205
   548 :     70    534     69
   549 :    479    687    333
   550 :    412    415    414
   551 :    258    339    338
   552 :    243    486    218
   553 :    193    496    192
   554 :    215    605    454
   555 :    275    449    326
   556 :    141    557    106
   557 :    112    542    111
   558 :    318    416    320
   559 :    407    694    405
   560 :    531    575    119
   561 :    481    619    471
   562 :    186    188    185
   563 :    242    664    556
   564 :    457    503    334
   565 :    681    682    595
   566 :    299    613    485
   567 :    502    696    422
   568 :    190    535    212
   569 :    453    455    452
   570 :     69    534    142
   571 :    456    697    515
   572 :    585    617    474
   573 :    362    525    340
   574 :     81    594     80
   575 :    540    541    347
   576 :    210    211    207
   577 :    163    509    159
   578 :    197    563    196
   579 :    408    410    409
   580 :    619    672    667
   581 :    162    163    159
   582 :    183    576    181
   583 :    325    633    508
   584 :    432    529    373
   585 :    172    518    174
   586 :    182    184    183
   587 :     56    614    322
   588 :    543    544    304
   589 :    184    185    183
   590 :    198    235    200
   591 :    274    276    275
   592 :     74    551    132
   593 :    313    523    327
   594 :    155    513    160
   595 :    262    376    249
   596 :    145    652    110
   597 :    189    489    488
   598 :    460    620    215
   599 :    111    542    145
   600 :    344    372    343
   601 :    444    666    445
   602 :    601    697    456
   603 :    557    704    105
   604 :    525    559    342
   605 :     91    654     90
   606 :    195    562    198
   607 :    320    527    459
   608 :    349    439    438
   609 :    369    490    365
   610 :    469    658    470
   611 :    350    596    532
   612 :    164    165    163
   613 :    166    167    165
   614 :    366    368    367
   615 :    105    543    104
   616 :    436    491    490
   617 :    239    347    301
   618 :    218    220    219
   619 :    304    660    102
   620 :    463    597    461
   621 :    377    379    376
   622 :    473    705    261
   623 :    151    428    383
   624 :    340    525    342
   625 :    580    583    100
   626 :    349    519    439
   627 :    572    705    639
   628 :    416    527    320
   629 :    339    340    338
   630 :    501    502    422
   631 :    485    613    482
   632 :    168    169    167
   633 :    449    537    326
   634 :    123    316    281
   635 :    101    580    100
   636 :    545    567    337
   637 :    237    530    529
   638 :    184    553    216
   639 :    127    507    355
   640 :    240    278    211
   641 :    378    497    290
   642 :    150    634     17
   643 :    182    183    181
   644 :    381    382    379
   645 :    349    438    348
   646 :    171    172    169
   647 :    435    663    426
   648 :    192    535    190
   649 :    297    317    298
   650 :    236    639    530
   651 :    440    558    505
   652 :    220    222    221
   653 :    209    481    204
   654 :    340    342    341
   655 :    367    369    365
   656 :    285    313    270
   657 :    276    449    275
   658 :    180    237    182
   659 :    203    206    205
   660 :    342    343    341
   661 :    394    563    522
   662 :    572    639    236
   663 :    222    224    223
   664 :    260    261    247
   665 :    182    553    184
   666 :    574    623    466
   667 :    180    182    181
   668 :     94    547     93
   669 :    359    682    315
   670 :    343    538    341
   671 :    512    632    374
   672 :    526    616    297
   673 :    500    614    603
   674 :    482    613    447
   675 :    317    318    298
   676 :    159    509    157
   677 :    196    496    193
   678 :    146    646    618
   679 :    123    431    316
   680 :    439    441    440
   681 :    366    389    368
   682 :    409    695    407
   683 :    176    178    177
   684 :    337    375    257
   685 :    320    459    395
   686 :    285    419    398
   687 :    227    228    226
   688 :    269    270    267
   689 :    178    179    177
   690 :    104    638      5
   691 :    180    181    179
   692 :    331    437    332
   693 :    472    588    136
   694 :    128    574    466
   695 :    342    559    344
   696 :    123    281     15
   697 :    372    423    343
   698 :    256    702    165
   699 :    116    614     56
   700 :    187    576    183
   701 :    375    571    257
   702 :    487    617    129
   703 :    671    703    117
   704 :    218    219    214
   705 :    475    668    383
   706 :    269    552    285
   707 :    264    268    266
   708 :    591    610    114
   709 :    280    363    283
   710 :      5    638    103
   711 :    420    672    582
   712 :     32    133     33
   713 :    500    581    323
   714 :    253    350    303
   715 :    216    698    489
   716 :    164    166    165
   717 :    340    341    338
   718 :    166    168    167
   719 :    388    493    281
   720 :    406    408    407
   721 :    255    548    264
   722 :    619    667    471
   723 :     35    314     36
   724 :     38    118     39
   725 :    261    518    247
   726 :    302    486    243
   727 :    178    180    179
   728 :      3    648     70
   729 :     85    648      3
   730 :    409    690    575
   731 :    224    226    225
   732 :    476    663    435
   733 :    171    251    247
   734 :      4    650    112
   735 :     71    650      4
   736 :    285    398    313
   737 :    262    377    376
   738 :    413    663    476
   739 :    396    397    359
   740 :    318    320    319
   741 :    347    631    540
   742 :    298    578    296
   743 :    398    523    313
   744 :    377    381    379
   745 :    251    348    260
   746 :    560    630    245
   747 :    162    164    163
   748 :    198    562    235
   749 :    237    553    182
   750 :    468    658    469
   751 :    555    596    350
   752 :    168    171    169
   753 :    439    440    438
   754 :     99    510     98
   755 :    171    247    172
   756 :    475    580    101
   757 :    247    518    172
   758 :    352    384    252
   759 :    166    170    168
   760 :    137    685    539
   761 :    269    285    270
   762 :    264    548    268
   763 :    382    659    379
   764 :    318    319    298
   765 :    389    391    390
   766 :    266    267    265
   767 :    130    645    450
   768 :    285    552    419
   769 :    278    517    280
   770 :    372    546    423
   771 :    441    558    440
   772 :    258    338    337
   773 :    564    615    502
   774 :    402    616    526
   775 :    459    547    395
   776 :    201    563    197
   777 :    544    550    304
   778 :    345    540    310
   779 :    410    413    412
   780 :    251    260    247
   781 :    264    265    263
   782 :    429    515    115
   783 :    176    236    178
   784 :    416    629    527
   785 :    423    538    343
   786 :    321    585    474
   787 :    220    221    219
   788 :    333    687    534
   789 :    348    374    260
   790 :    508    600    394
   791 :    391    549    390
   792 :    320    395    319
   793 :    402    526    400
   794 :    296    578    458
   795 :    222    223    221
   796 :    356    359    315
   797 :    561    619    481
   798 :    373    574    372
   799 :    161    162    159
   800 :    225    254    223
   801 :    224    225    223
   802 :    250    258    257
   803 :      6    385    152
   804 :    338    545    337
   805 :    221    259    219
   806 :     98    689     97
   807 :    297    298    296
   808 :    266    269    267
   809 :    321    586    585
   810 :    379    579    376
   811 :    158    159    157
   812 :    100    583     99
   813 :    466    623    467
   814 :    350    532    303
   815 :    255    263    254
   816 :    264    266    265
   817 :    138    662    480
   818 :    353    649     12
   819 :    401    402    400
   820 :    114    610     46
   821 :    290    497    292
   822 :    156    157    154
   823 :    537    611    536
   824 :    467    639    473
   825 :    280    517    363
   826 :    206    665    528
   827 :    341    545    338
   828 :    269    569    552
   829 :    372    574    546
   830 :    258    337    257
   831 :    490    703    365
   832 :    229    231    228
   833 :    253    262    249
   834 :    294    297    296
   835 :    206    210    207
   836 :    433    591    418
   837 :    255    264    263
   838 :    162    238    164
   839 :    390    392    368
   840 :    542    608    145
   841 :    516    588    393
   842 :    557    568    346
   843 :    311    345    310
   844 :    538    545    341
   845 :    389    390    368
   846 :    514    631    160
   847 :    131    155    154
   848 :    540    631    514
   849 :    196    600    496
   850 :    124    594     81
   851 :    493    607    150
   852 :    214    561    209
   853 :    261    632    521
   854 :    225    255    254
   855 :    259    619    561
   856 :    358    674    133
   857 :    235    665    200
   858 :    330    331    276
   859 :    210    240    211
   860 :    377    662    381
   861 :    288    290    289
   862 :    233    241    231
   863 :    292    294    293
   864 :     25    484     26
   865 :    518    572    174
   866 :    452    608    441
   867 :    444    445     40
   868 :    119    690    499
   869 :    308    656    306
   870 :    352    472    384
   871 :    296    458    293
   872 :    158    239    161
   873 :     10    134     11
   874 :    135    288    287
   875 :    445    531     40
   876 :    290    292    291
   877 :    209    561    481
   878 :    316    388    281
   879 :      8    143      9
   880 :    454    605    598
   881 :    126    615    564
   882 :    399    401    400
   883 :    158    161    159
   884 :    240    571    278
   885 :    301    393    352
   886 :    253    303    262
   887 :    239    301    252
   888 :    301    352    252
   889 :    255    584    548
   890 :    384    592    252
   891 :    155    160    156
   892 :    171    573    251
   893 :     90    654    130
   894 :    500    603    380
   895 :    174    572    176
   896 :    311    544    346
   897 :    370    371    369
   898 :    268    569    266
   899 :    311    346    345
   900 :    589    678    430
   901 :    590    673    613
   902 :    367    370    369
   903 :    579    659    548
   904 :    312    668    475
   905 :    250    257    240
   906 :    443    642    362
   907 :    330    351    331
   908 :    316    424    388
   909 :    156    158    157
   910 :    399    400    371
   911 :    239    252    161
   912 :    228    230    226
   913 :    241    253    249
   914 :    393    669    516
   915 :    346    568    345
   916 :    427    655    461
   917 :    397    511    404
   918 :    324    696    627
   919 :    123    628    431
   920 :    180    686    237
   921 :    241    249    231
   922 :    370    399    371
   923 :    408    560    410
   924 :    386    621    510
   925 :    475    550    312
   926 :    219    561    214
   927 :    363    501    422
   928 :    528    665    235
   929 :    210    250    240
   930 :    121    366    364
   931 :    105    704    543
   932 :    155    156    154
   933 :    274    330    276
   934 :    170    647    519
   935 :    538    594    124
   936 :    246    637    549
   937 :    586    591    114
   938 :    546    574    128
   939 :    294    296    293
   940 :    207    625    460
   941 :    319    578    298
   942 :    529    623    373
   943 :    166    577    170
   944 :    131    649    155
   945 :    309    310    308
   946 :     50    361     51
   947 :    345    541    540
   948 :     92    609     91
   949 :     47    113     48
   950 :    170    573    168
   951 :    345    568    541
   952 :    101    660    475
   953 :    141    568    557
   954 :    237    686    530
   955 :    568    670    541
   956 :    266    569    269
   957 :    551    643    132
   958 :    417    633    325
   959 :    168    573    171
   960 :    259    561    219
   961 :    404    587    406
   962 :    260    632    261
   963 :    410    560    413
   964 :    615    696    502
   965 :    428    580    383
   966 :    141    670    568
   967 :    328    597    463
   968 :    278    571    517
   969 :    499    606    119
   970 :    254    582    223
   971 :    142    687    532
   972 :     44    657    425
   973 :    326    537    536
   974 :    164    577    166
   975 :    530    686    236
   976 :    292    293    291
   977 :    136    588    516
   978 :    131    154    153
   979 :    488    642    194
   980 :    525    698    559
   981 :    414    599    499
   982 :    297    616    317
   983 :    543    704    544
   984 :    548    659    268
   985 :    257    571    240
   986 :    517    646    363
   987 :    331    570    437
   988 :    176    572    236
   989 :    555    556    554
   990 :    310    684    308
   991 :    611    640    113
   992 :    290    291    289
   993 :    288    289    287
   994 :    374    643    551
   995 :    103    638    304
   996 :    585    586    425
   997 :    413    612    412
   998 :    493    635    607
   999 :    357    674    358
  1000 :    563    600    196
  1001 :    544    704    346
  1002 :    126    627    615
  1003 :    102    660    101
  1004 :    482    506    485
  1005 :    358    360    357
  1006 :    226    584    225
  1007 :    605    620    351
  1008 :     19    149     20
  1009 :    471    667    201
  1010 :    314    682    681
  1011 :    152    428    151
  1012 :    262    661    377
  1013 :     70    648    534
  1014 :    153    691    628
  1015 :    348    643    374
  1016 :    230    584    226
  1017 :    203    665    206
  1018 :     24    147     25
  1019 :    157    691    154
  1020 :    592    676    238
  1021 :    363    646    501
  1022 :    221    582    259
  1023 :    112    650    542
  1024 :    382    699    659
  1025 :    412    612    415
  1026 :    544    641    550
  1027 :    134    353     11
  1028 :    309    311    310
  1029 :    307    309    308
  1030 :    549    637    390
  1031 :    162    592    238
  1032 :    620    625    622
  1033 :    238    577    164
  1034 :    223    582    221
  1035 :    144    627    126
  1036 :    441    608    558
  1037 :    384    676    592
  1038 :    158    593    239
  1039 :    146    520    501
  1040 :    351    570    331
  1041 :    501    646    146
  1042 :    110    652    109
  1043 :    356    396    359
  1044 :    272    598    274
  1045 :     58    322    125
  1046 :    330    605    351
  1047 :    502    565    564
  1048 :    161    592    162
  1049 :    333    648     85
  1050 :    400    651    371
  1051 :    200    665    203
  1052 :    336    650     71
  1053 :    445    695    575
  1054 :    423    594    538
  1055 :    225    584    255
  1056 :    215    620    605
  1057 :    602    603    116
  1058 :     59    144     60
  1059 :    360    554    357
  1060 :    539    685    395
  1061 :    322    323    125
  1062 :     97    689    447
  1063 :    488    701    642
  1064 :    304    638    543
  1065 :    393    588    352
  1066 :    534    687    142
  1067 :    352    588    472
  1068 :    628    691    431
  1069 :    525    701    489
  1070 :    287    299    286
  1071 :    354    513    353
  1072 :    236    686    178
  1073 :    642    701    362
  1074 :    375    618    571
  1075 :    299    604    286
  1076 :    460    625    620
  1077 :    134    656    354
  1078 :    301    693    393
  1079 :    395    685    319
  1080 :    252    592    161
  1081 :    261    705    518
  1082 :    307    312    309
  1083 :    317    616    566
  1084 :     46    610    503
  1085 :    534    648    333
  1086 :     33    507     34
  1087 :    484    506    305
  1088 :    458    636    293
  1089 :     37    679    430
  1090 :    133    507     33
  1091 :    274    598    330
  1092 :    511    587    404
  1093 :    323    324    125
  1094 :    305    621     27
  1095 :     12    649    131
  1096 :    520    565    502
  1097 :    542    650    336
  1098 :    523    700    327
  1099 :    499    690    411
  1100 :    249    624    231
  1101 :    160    593    156
  1102 :    311    641    544
  1103 :    571    618    517
  1104 :    127    355    315
  1105 :    362    701    525
  1106 :    358    463    461
  1107 :    291    300    289
  1108 :    417    629    535
  1109 :    543    638    104
  1110 :    156    593    158
  1111 :    489    698    525
  1112 :     53    140     54
  1113 :    365    703    149
  1114 :    374    632    260
  1115 :    327    700    527
  1116 :     19    692    149
  1117 :    354    514    513
  1118 :    406    630    408
  1119 :    358    461    360
  1120 :    392    675    368
  1121 :    430    679    589
  1122 :    397    664    511
  1123 :    515    680    335
  1124 :    118    446    444
  1125 :    323    581    324
  1126 :    639    705    473
  1127 :    667    672    420
  1128 :    360    555    554
  1129 :    598    605    330
  1130 :    438    643    348
  1131 :    388    635    493
  1132 :    511    664    242
  1133 :    241    683    253
  1134 :      0    621    386
  1135 :    569    626    552
  1136 :    155    649    513
  1137 :    135    287    286
  1138 :    627    696    615
  1139 :    501    520    502
  1140 :     22    135     23
  1141 :    394    600    563
  1142 :    135    286     23
  1143 :    371    651    436
  1144 :    408    630    560
  1145 :    550    641    312
  1146 :     57    322     58
  1147 :     18    692     19
  1148 :    383    580    475
  1149 :    118    444     39
  1150 :     24    604    147
  1151 :    355    357    356
  1152 :    447    689    482
  1153 :     84    565    520
  1154 :     26    305     27
  1155 :    322    614    323
  1156 :    390    637    392
  1157 :      0    386    385
  1158 :    555    655    596
  1159 :    587    630    406
  1160 :    489    701    488
  1161 :    407    695    666
  1162 :    178    686    180
  1163 :    228    624    230
  1164 :    513    649    353
  1165 :    355    356    315
  1166 :    527    700    459
  1167 :    315    682    314
  1168 :    515    697    115
  1169 :    147    484     25
  1170 :      6    152      7
  1171 :    559    698    216
  1172 :    346    704    557
  1173 :    289    590    287
  1174 :    603    614    116
  1175 :    134    354    353
  1176 :    303    661    262
  1177 :     26    484    305
  1178 :    549    658    468
  1179 :    231    624    228
  1180 :    314    681     36
  1181 :     47    457    113
  1182 :    287    590    299
  1183 :    577    647    170
  1184 :    396    664    397
  1185 :    425    657    585
  1186 :     52    601     53
  1187 :    119    606     42
  1188 :    556    683    242
  1189 :    351    622    570
  1190 :    242    683    241
  1191 :    475    660    550
  1192 :    388    688    635
  1193 :    617    657    129
  1194 :    482    689     98
  1195 :    368    675    367
  1196 :    541    693    347
  1197 :    347    693    301
  1198 :    321    653    586
  1199 :    245    630    587
  1200 :    293    636    291
  1201 :    143    668    307
  1202 :    575    690    119
  1203 :    367    675    370
  1204 :    268    699    569
  1205 :    620    622    351
  1206 :    585    657    617
  1207 :    569    699    626
  1208 :    618    646    517
  1209 :    485    506    484
  1210 :    532    687    479
  1211 :    405    678    589
  1212 :    393    693    670
  1213 :    591    653    418
  1214 :    424    688    388
  1215 :    379    659    579
  1216 :    309    641    311
  1217 :    300    590    289
  1218 :    669    670    141
  1219 :     98    510    482
  1220 :    382    645    626
  1221 :    596    655    427
  1222 :    383    668    143
  1223 :    622    625    421
  1224 :    586    653    591
  1225 :     64    564    387
  1226 :    307    668    312
  1227 :    319    685    578
  1228 :    154    691    153
  1229 :    564    565    387
  1230 :    507    674    355
  1231 :    134    706    656
  1232 :    626    699    382
  1233 :    149    671     20
  1234 :    595    682    359
  1235 :    458    677    636
  1236 :    147    485    484
  1237 :    582    672    259
  1238 :    312    641    309
  1239 :    518    705    572
  1240 :    291    636    300
  1241 :    355    674    357
  1242 :     10    706    134
  1243 :    360    655    555
  1244 :    482    510    506
  1245 :    259    672    619
  1246 :    581    696    324
  1247 :    461    655    360
  1248 :     53    601    140
  1249 :    656    684    354
  1250 :    393    670    669
  1251 :    354    684    514
  1252 :    422    696    581
  1253 :    300    673    590
  1254 :    678    694    446
  1255 :    575    695    409
  1256 :    670    693    541
  1257 :    405    694    678
  1258 :    613    673    447
  1259 :     30    329     31
  1260 :    659    699    268
  1261 :    446    694    666
  1262 :     41    119     42
  1263 :    329    462     31
  1264 :    424    702    688
  1265 :    133    674    507
  1266 :    666    695    445
  1267 :    149    703    671
  1268 :     62    126     63
  1269 :    656    706    306
  1270 :    308    684    656
  1271 :    688    702    256
  1272 :     48    640     49
  1273 :    666    694    407
  1274 :     60    144     61
  1275 :     67    597      1
  1276 :     21    524     22
  1277 :     34    127     35
  1278 :     40    531     41
  1279 :     42    606     43
  1280 :     49    148     50
  1281 :     51    115     52
  1282 :     58    125     59
  1283 :      1    597     28
  1284 :     66    387      2
  1285 :      2    565     84
  1286 :    387    565      2
  1287 :      9    306     10
  1288 :     20    671     21
  1289 :     23    604     24
  1290 :    286    604     23
  1291 :     28    597    328
  1292 :     36    120     37
  1293 :     36    681    120
  1294 :     43    129     44
  1295 :     46    503     47
  1296 :     55    116     56
  1297 :     61    144     62
  1298 :     65    387     66
  1299 :     84    520    146
  1300 :    118    678    446
Number of domains 6
  Domain :      0 
  Name : Outer Disk
  Number of elements :     23
     0     1     2     3     4     5     6     7     8     9
    10    11    12    13    14    15    16    17    18    19
    20    21    22
  Domain :      1 
  Name : Bottom
  Number of elements :     40
    23    24    25    26    27    28    29    30    31    32
    33    34    35    36    37    38    39    40    41    42
    43    44    45    46    47    48    49    50    51    52
    53    54    55    56    57    58    59    60    61    62
  Domain :      2 
  Name : Left
  Number of elements :      5
    63    64    65    66    67
  Domain :      3 
  Name : Right
  Number of elements :     15
    68    69    70    71    72    73    74    75    76    77
    78    79    80    81    82
  Domain :      4 
  Name : Top
  Number of elements :     20
    83    84    85    86    87    88    89    90    91    92
    93    94    95    96    97    98    99   100   101   102
  Domain :      5 
  Name : Inner Disk
  Number of elements :     10
   103   104   105   106   107   108   109   110   111   112
