Number of nodes 487 
     0 :  2.9083386e+00 -2.3567511e+00 
     1 :  2.9794867e+00 -6.9623639e-01 
     2 :  3.5350000e+01  2.7000000e+00 
     3 :  3.5350000e+01  2.9000000e+00 
     4 : -2.9083386e+00 -2.3567511e+00 
     5 : -2.9794867e+00 -6.9623639e-01 
     6 : -3.5350000e+01  2.7000000e+00 
     7 : -3.5350000e+01  2.9000000e+00 
     8 : -4.9555584e-01  2.9385072e+00 
     9 :  4.9555584e-01  2.9385072e+00 
    10 :  0.0000000e+00  1.1100000e+01 
    11 :  2.5115771e+00  1.6038642e+00 
    12 :  2.2042712e+00  2.0053898e+00 
    13 : -2.5115771e+00  1.6038642e+00 
    14 : -2.2042712e+00  2.0053898e+00 
    15 : -2.9800000e+00  0.0000000e+00 
    16 :  2.9800000e+00  0.0000000e+00 
    17 :  1.7145055e-16 -2.8000000e+00 
    18 :  6.3791002e+00 -1.5595868e+00 
    19 :  8.5711628e+00 -1.2941619e+00 
    20 :  1.1620754e+01 -1.0107743e+00 
    21 :  1.5852721e+01 -6.4491363e-01 
    22 :  2.1149316e+01 -9.0934499e-02 
    23 :  2.5231392e+01  4.7825745e-01 
    24 :  2.8159495e+01  9.8873462e-01 
    25 :  3.1767150e+01  1.7583211e+00 
    26 :  3.4188124e+01  2.3737083e+00 
    27 :  3.5441075e+01  2.7394721e+00 
    28 :  3.5529057e+01  2.7853954e+00 
    29 :  3.5611806e+01  2.8401303e+00 
    30 :  3.5685756e+01  2.9061947e+00 
    31 :  3.5746909e+01  2.9842290e+00 
    32 :  3.5794863e+01  3.0710662e+00 
    33 :  3.5831610e+01  3.1632322e+00 
    34 :  3.5858537e+01  3.2587481e+00 
    35 :  3.5877237e+01  3.3562226e+00 
    36 :  3.5889283e+01  3.4547500e+00 
    37 :  3.5896113e+01  3.5537821e+00 
    38 :  3.5899173e+01  3.6530071e+00 
    39 :  3.5899972e+01  3.7522789e+00 
    40 :  3.5900000e+01  3.8515548e+00 
    41 :  3.5900000e+01  3.9508308e+00 
    42 :  3.5900000e+01  4.0501067e+00 
    43 :  3.5900000e+01  4.1493827e+00 
    44 :  3.5900000e+01  4.2486587e+00 
    45 :  3.5900000e+01  4.3479347e+00 
    46 :  3.5900000e+01  4.4472106e+00 
    47 :  3.5900000e+01  4.5464866e+00 
    48 :  3.5899569e+01  4.6457603e+00 
    49 :  3.5877118e+01  4.7308307e+00 
    50 :  3.5833023e+01  4.6429281e+00 
    51 :  3.5807692e+01  4.5469883e+00 
    52 :  3.5790470e+01  4.4492334e+00 
    53 :  3.5777952e+01  4.3507557e+00 
    54 :  3.5768580e+01  4.2519262e+00 
    55 :  3.5761613e+01  4.1528970e+00 
    56 :  3.5756647e+01  4.0537467e+00 
    57 :  3.5752785e+01  3.9545459e+00 
    58 :  3.5748411e+01  3.8553670e+00 
    59 :  3.5742187e+01  3.7562888e+00 
    60 :  3.5733191e+01  3.6574253e+00 
    61 :  3.5720891e+01  3.5589194e+00 
    62 :  3.5705034e+01  3.4609240e+00 
    63 :  3.5684607e+01  3.3637862e+00 
    64 :  3.5657539e+01  3.2682999e+00 
    65 :  3.5621529e+01  3.1758389e+00 
    66 :  3.5574072e+01  3.0887408e+00 
    67 :  3.5512955e+01  3.0106874e+00 
    68 :  3.5437528e+01  2.9464308e+00 
    69 :  6.5304263e+00 -5.5768546e-01 
    70 :  8.7242022e+00 -4.7659262e-01 
    71 :  1.1762277e+01 -3.3195464e-01 
    72 :  1.5968182e+01 -6.9337773e-02 
    73 :  2.1221474e+01  3.7495680e-01 
    74 :  2.5260862e+01  9.3059523e-01 
    75 :  2.8161138e+01  1.4288768e+00 
    76 :  3.1749948e+01  2.1286566e+00 
    77 :  3.4176681e+01  2.6421262e+00 
    78 : -6.3791002e+00 -1.5595868e+00 
    79 : -8.5711628e+00 -1.2941619e+00 
    80 : -1.1620754e+01 -1.0107743e+00 
    81 : -1.5852721e+01 -6.4491363e-01 
    82 : -2.1149316e+01 -9.0934499e-02 
    83 : -2.5231392e+01  4.7825745e-01 
    84 : -2.8159495e+01  9.8873462e-01 
    85 : -3.1767150e+01  1.7583211e+00 
    86 : -3.4188124e+01  2.3737083e+00 
    87 : -3.5441075e+01  2.7394721e+00 
    88 : -3.5529057e+01  2.7853954e+00 
    89 : -3.5611806e+01  2.8401303e+00 
    90 : -3.5685756e+01  2.9061947e+00 
    91 : -3.5746909e+01  2.9842290e+00 
    92 : -3.5794863e+01  3.0710662e+00 
    93 : -3.5831610e+01  3.1632322e+00 
    94 : -3.5858537e+01  3.2587481e+00 
    95 : -3.5877237e+01  3.3562226e+00 
    96 : -3.5889283e+01  3.4547500e+00 
    97 : -3.5896113e+01  3.5537821e+00 
    98 : -3.5899173e+01  3.6530071e+00 
    99 : -3.5899972e+01  3.7522789e+00 
   100 : -3.5900000e+01  3.8515548e+00 
   101 : -3.5900000e+01  3.9508308e+00 
   102 : -3.5900000e+01  4.0501067e+00 
   103 : -3.5900000e+01  4.1493827e+00 
   104 : -3.5900000e+01  4.2486587e+00 
   105 : -3.5900000e+01  4.3479347e+00 
   106 : -3.5900000e+01  4.4472106e+00 
   107 : -3.5900000e+01  4.5464866e+00 
   108 : -3.5899569e+01  4.6457603e+00 
   109 : -3.5877118e+01  4.7308307e+00 
   110 : -3.5833023e+01  4.6429281e+00 
   111 : -3.5807692e+01  4.5469883e+00 
   112 : -3.5790470e+01  4.4492334e+00 
   113 : -3.5777952e+01  4.3507557e+00 
   114 : -3.5768580e+01  4.2519262e+00 
   115 : -3.5761613e+01  4.1528970e+00 
   116 : -3.5756647e+01  4.0537467e+00 
   117 : -3.5752785e+01  3.9545459e+00 
   118 : -3.5748411e+01  3.8553670e+00 
   119 : -3.5742187e+01  3.7562888e+00 
   120 : -3.5733191e+01  3.6574253e+00 
   121 : -3.5720891e+01  3.5589194e+00 
   122 : -3.5705034e+01  3.4609240e+00 
   123 : -3.5684607e+01  3.3637862e+00 
   124 : -3.5657539e+01  3.2682999e+00 
   125 : -3.5621529e+01  3.1758389e+00 
   126 : -3.5574072e+01  3.0887408e+00 
   127 : -3.5512955e+01  3.0106874e+00 
   128 : -3.5437528e+01  2.9464308e+00 
   129 : -6.5304263e+00 -5.5768546e-01 
   130 : -8.7242022e+00 -4.7659262e-01 
   131 : -1.1762277e+01 -3.3195464e-01 
   132 : -1.5968182e+01 -6.9337773e-02 
   133 : -2.1221474e+01  3.7495680e-01 
   134 : -2.5260862e+01  9.3059523e-01 
   135 : -2.8161138e+01  1.4288768e+00 
   136 : -3.1749948e+01  2.1286566e+00 
   137 : -3.4176681e+01  2.6421262e+00 
   138 : -2.8781552e-01  6.3333223e+00 
   139 : -3.2783161e-01  8.7321109e+00 
   140 : -4.1349576e-02  1.0998693e+01 
   141 :  3.2783689e-01  8.7322808e+00 
   142 :  2.8781224e-01  6.3334982e+00 
   143 :  4.2010522e-01  3.7355559e+00 
   144 :  3.2099473e+00  1.6399515e+00 
   145 :  3.9073133e+00  1.6920818e+00 
   146 :  4.6035074e+00  1.7579948e+00 
   147 :  5.2974772e+00  1.8440966e+00 
   148 :  5.9883798e+00  1.9521385e+00 
   149 :  6.6765564e+00  2.0764420e+00 
   150 :  7.3628020e+00  2.2110292e+00 
   151 :  8.0472077e+00  2.3546631e+00 
   152 :  8.4758723e+00  2.4997766e+00 
   153 :  7.7811173e+00  2.4203143e+00 
   154 :  7.0871336e+00  2.3340662e+00 
   155 :  6.3922493e+00  2.2554922e+00 
   156 :  5.6957871e+00  2.1925046e+00 
   157 :  4.9979560e+00  2.1471057e+00 
   158 :  4.2994299e+00  2.1137837e+00 
   159 :  3.6009199e+00  2.0801044e+00 
   160 :  2.9025930e+00  2.0427947e+00 
   161 : -3.2099473e+00  1.6399515e+00 
   162 : -3.9073133e+00  1.6920818e+00 
   163 : -4.6035074e+00  1.7579948e+00 
   164 : -5.2974772e+00  1.8440966e+00 
   165 : -5.9883798e+00  1.9521385e+00 
   166 : -6.6765564e+00  2.0764420e+00 
   167 : -7.3628020e+00  2.2110292e+00 
   168 : -8.0472077e+00  2.3546631e+00 
   169 : -8.4758723e+00  2.4997766e+00 
   170 : -7.7811173e+00  2.4203143e+00 
   171 : -7.0871336e+00  2.3340662e+00 
   172 : -6.3922493e+00  2.2554922e+00 
   173 : -5.6957871e+00  2.1925046e+00 
   174 : -4.9979560e+00  2.1471057e+00 
   175 : -4.2994299e+00  2.1137837e+00 
   176 : -3.6009199e+00  2.0801044e+00 
   177 : -2.9025930e+00  2.0427947e+00 
   178 : -2.9799987e+00 -1.0417078e-01 
   179 : -2.9799816e+00 -2.4536412e-01 
   180 : -2.9798873e+00 -4.3677051e-01 
   181 : -2.4856971e+00 -2.8765942e+00 
   182 : -1.7804733e+00 -2.9633336e+00 
   183 : -1.0683895e+00 -2.9777579e+00 
   184 : -3.5613149e-01 -2.9799410e+00 
   185 :  3.5613149e-01 -2.9799410e+00 
   186 :  1.0683895e+00 -2.9777579e+00 
   187 :  1.7804733e+00 -2.9633336e+00 
   188 :  2.4856971e+00 -2.8765942e+00 
   189 :  2.9798874e+00 -4.3668603e-01 
   190 :  2.9799816e+00 -2.4527371e-01 
   191 :  2.9799987e+00 -1.0411630e-01 
   192 :  2.9779673e+00  1.1004989e-01 
   193 :  2.9685380e+00  2.6111737e-01 
   194 :  2.9430482e+00  4.6783266e-01 
   195 :  2.8845143e+00  7.4831616e-01 
   196 :  2.7605299e+00  1.1224415e+00 
   197 :  1.7090043e+00  2.4412505e+00 
   198 :  1.1299723e+00  2.7574558e+00 
   199 : -1.1299723e+00  2.7574558e+00 
   200 : -1.7090043e+00  2.4412505e+00 
   201 : -2.7605299e+00  1.1224415e+00 
   202 : -2.8845143e+00  7.4831616e-01 
   203 : -2.9430482e+00  4.6783266e-01 
   204 : -2.9685380e+00  2.6111737e-01 
   205 : -2.9779673e+00  1.1004989e-01 
   206 :  9.9938535e-02 -2.7982159e+00 
   207 :  1.9974971e-01 -2.7928659e+00 
   208 :  2.9930634e-01 -2.7839568e+00 
   209 :  3.9848155e-01 -2.7715000e+00 
   210 :  4.9714895e-01 -2.7555114e+00 
   211 :  5.9518281e-01 -2.7360112e+00 
   212 :  6.9245820e-01 -2.7130244e+00 
   213 :  7.8885116e-01 -2.6865803e+00 
   214 :  8.8423885e-01 -2.6567126e+00 
   215 :  9.7849970e-01 -2.6234592e+00 
   216 :  1.0715136e+00 -2.5868627e+00 
   217 :  1.1631620e+00 -2.5469696e+00 
   218 :  1.2533282e+00 -2.5038308e+00 
   219 :  1.3418972e+00 -2.4575012e+00 
   220 :  1.4287561e+00 -2.4080399e+00 
   221 :  1.5137943e+00 -2.3555099e+00 
   222 :  1.5969034e+00 -2.2999782e+00 
   223 :  1.6779775e+00 -2.2415155e+00 
   224 :  1.7569132e+00 -2.1801963e+00 
   225 :  1.8336101e+00 -2.1160988e+00 
   226 :  1.9079702e+00 -2.0493047e+00 
   227 :  1.9798990e+00 -1.9798990e+00 
   228 :  2.0493047e+00 -1.9079702e+00 
   229 :  2.1160988e+00 -1.8336101e+00 
   230 :  2.1801963e+00 -1.7569132e+00 
   231 :  2.2415155e+00 -1.6779775e+00 
   232 :  2.2999782e+00 -1.5969034e+00 
   233 :  2.3555099e+00 -1.5137943e+00 
   234 :  2.4080399e+00 -1.4287561e+00 
   235 :  2.4575012e+00 -1.3418972e+00 
   236 :  2.5038308e+00 -1.2533282e+00 
   237 :  2.5469696e+00 -1.1631620e+00 
   238 :  2.5868627e+00 -1.0715136e+00 
   239 :  2.6234592e+00 -9.7849970e-01 
   240 :  2.6567126e+00 -8.8423885e-01 
   241 :  2.6865803e+00 -7.8885116e-01 
   242 :  2.7130244e+00 -6.9245820e-01 
   243 :  2.7360112e+00 -5.9518281e-01 
   244 :  2.7555114e+00 -4.9714895e-01 
   245 :  2.7715000e+00 -3.9848155e-01 
   246 :  2.7839568e+00 -2.9930634e-01 
   247 :  2.7928659e+00 -1.9974971e-01 
   248 :  2.7982159e+00 -9.9938535e-02 
   249 :  2.8000000e+00 -9.1038288e-16 
   250 :  2.7982159e+00  9.9938535e-02 
   251 :  2.7928659e+00  1.9974971e-01 
   252 :  2.7839568e+00  2.9930634e-01 
   253 :  2.7715000e+00  3.9848155e-01 
   254 :  2.7555114e+00  4.9714895e-01 
   255 :  2.7360112e+00  5.9518281e-01 
   256 :  2.7130244e+00  6.9245820e-01 
   257 :  2.6865803e+00  7.8885116e-01 
   258 :  2.6567126e+00  8.8423885e-01 
   259 :  2.6234592e+00  9.7849970e-01 
   260 :  2.5868627e+00  1.0715136e+00 
   261 :  2.5469696e+00  1.1631620e+00 
   262 :  2.5038308e+00  1.2533282e+00 
   263 :  2.4575012e+00  1.3418972e+00 
   264 :  2.4080399e+00  1.4287561e+00 
   265 :  2.3555099e+00  1.5137943e+00 
   266 :  2.2999782e+00  1.5969034e+00 
   267 :  2.2415155e+00  1.6779775e+00 
   268 :  2.1801963e+00  1.7569132e+00 
   269 :  2.1160988e+00  1.8336101e+00 
   270 :  2.0493047e+00  1.9079702e+00 
   271 :  1.9798990e+00  1.9798990e+00 
   272 :  1.9079702e+00  2.0493047e+00 
   273 :  1.8336101e+00  2.1160988e+00 
   274 :  1.7569132e+00  2.1801963e+00 
   275 :  1.6779775e+00  2.2415155e+00 
   276 :  1.5969034e+00  2.2999782e+00 
   277 :  1.5137943e+00  2.3555099e+00 
   278 :  1.4287561e+00  2.4080399e+00 
   279 :  1.3418972e+00  2.4575012e+00 
   280 :  1.2533282e+00  2.5038308e+00 
   281 :  1.1631620e+00  2.5469696e+00 
   282 :  1.0715136e+00  2.5868627e+00 
   283 :  9.7849970e-01  2.6234592e+00 
   284 :  8.8423885e-01  2.6567126e+00 
   285 :  7.8885116e-01  2.6865803e+00 
   286 :  6.9245820e-01  2.7130244e+00 
   287 :  5.9518281e-01  2.7360112e+00 
   288 :  4.9714895e-01  2.7555114e+00 
   289 :  3.9848155e-01  2.7715000e+00 
   290 :  2.9930634e-01  2.7839568e+00 
   291 :  1.9974971e-01  2.7928659e+00 
   292 :  9.9938535e-02  2.7982159e+00 
   293 : -8.6437203e-15  2.8000000e+00 
   294 : -9.9938535e-02  2.7982159e+00 
   295 : -1.9974971e-01  2.7928659e+00 
   296 : -2.9930634e-01  2.7839568e+00 
   297 : -3.9848155e-01  2.7715000e+00 
   298 : -4.9714895e-01  2.7555114e+00 
   299 : -5.9518281e-01  2.7360112e+00 
   300 : -6.9245820e-01  2.7130244e+00 
   301 : -7.8885116e-01  2.6865803e+00 
   302 : -8.8423885e-01  2.6567126e+00 
   303 : -9.7849970e-01  2.6234592e+00 
   304 : -1.0715136e+00  2.5868627e+00 
   305 : -1.1631620e+00  2.5469696e+00 
   306 : -1.2533282e+00  2.5038308e+00 
   307 : -1.3418972e+00  2.4575012e+00 
   308 : -1.4287561e+00  2.4080399e+00 
   309 : -1.5137943e+00  2.3555099e+00 
   310 : -1.5969034e+00  2.2999782e+00 
   311 : -1.6779775e+00  2.2415155e+00 
   312 : -1.7569132e+00  2.1801963e+00 
   313 : -1.8336101e+00  2.1160988e+00 
   314 : -1.9079702e+00  2.0493047e+00 
   315 : -1.9798990e+00  1.9798990e+00 
   316 : -2.0493047e+00  1.9079702e+00 
   317 : -2.1160988e+00  1.8336101e+00 
   318 : -2.1801963e+00  1.7569132e+00 
   319 : -2.2415155e+00  1.6779775e+00 
   320 : -2.2999782e+00  1.5969034e+00 
   321 : -2.3555099e+00  1.5137943e+00 
   322 : -2.4080399e+00  1.4287561e+00 
   323 : -2.4575012e+00  1.3418972e+00 
   324 : -2.5038308e+00  1.2533282e+00 
   325 : -2.5469696e+00  1.1631620e+00 
   326 : -2.5868627e+00  1.0715136e+00 
   327 : -2.6234592e+00  9.7849970e-01 
   328 : -2.6567126e+00  8.8423885e-01 
   329 : -2.6865803e+00  7.8885116e-01 
   330 : -2.7130244e+00  6.9245820e-01 
   331 : -2.7360112e+00  5.9518281e-01 
   332 : -2.7555114e+00  4.9714895e-01 
   333 : -2.7715000e+00  3.9848155e-01 
   334 : -2.7839568e+00  2.9930634e-01 
   335 : -2.7928659e+00  1.9974971e-01 
   336 : -2.7982159e+00  9.9938535e-02 
   337 : -2.8000000e+00 -2.4304050e-14 
   338 : -2.7982159e+00 -9.9938535e-02 
   339 : -2.7928659e+00 -1.9974971e-01 
   340 : -2.7839568e+00 -2.9930634e-01 
   341 : -2.7715000e+00 -3.9848155e-01 
   342 : -2.7555114e+00 -4.9714895e-01 
   343 : -2.7360112e+00 -5.9518281e-01 
   344 : -2.7130244e+00 -6.9245820e-01 
   345 : -2.6865803e+00 -7.8885116e-01 
   346 : -2.6567126e+00 -8.8423885e-01 
   347 : -2.6234592e+00 -9.7849970e-01 
   348 : -2.5868627e+00 -1.0715136e+00 
   349 : -2.5469696e+00 -1.1631620e+00 
   350 : -2.5038308e+00 -1.2533282e+00 
   351 : -2.4575012e+00 -1.3418972e+00 
   352 : -2.4080399e+00 -1.4287561e+00 
   353 : -2.3555099e+00 -1.5137943e+00 
   354 : -2.2999782e+00 -1.5969034e+00 
   355 : -2.2415155e+00 -1.6779775e+00 
   356 : -2.1801963e+00 -1.7569132e+00 
   357 : -2.1160988e+00 -1.8336101e+00 
   358 : -2.0493047e+00 -1.9079702e+00 
   359 : -1.9798990e+00 -1.9798990e+00 
   360 : -1.9079702e+00 -2.0493047e+00 
   361 : -1.8336101e+00 -2.1160988e+00 
   362 : -1.7569132e+00 -2.1801963e+00 
   363 : -1.6779775e+00 -2.2415155e+00 
   364 : -1.5969034e+00 -2.2999782e+00 
   365 : -1.5137943e+00 -2.3555099e+00 
   366 : -1.4287561e+00 -2.4080399e+00 
   367 : -1.3418972e+00 -2.4575012e+00 
   368 : -1.2533282e+00 -2.5038308e+00 
   369 : -1.1631620e+00 -2.5469696e+00 
   370 : -1.0715136e+00 -2.5868627e+00 
   371 : -9.7849970e-01 -2.6234592e+00 
   372 : -8.8423885e-01 -2.6567126e+00 
   373 : -7.8885116e-01 -2.6865803e+00 
   374 : -6.9245820e-01 -2.7130244e+00 
   375 : -5.9518281e-01 -2.7360112e+00 
   376 : -4.9714895e-01 -2.7555114e+00 
   377 : -3.9848155e-01 -2.7715000e+00 
   378 : -2.9930634e-01 -2.7839568e+00 
   379 : -1.9974971e-01 -2.7928659e+00 
   380 : -9.9938535e-02 -2.7982159e+00 
   381 : -6.4762629e-01 -2.8236364e+00 
   382 :  6.7489382e-01 -2.8057285e+00 
   383 : -2.1497590e+00 -2.4249851e+00 
   384 : -1.9094106e+00 -2.1642885e+00 
   385 : -1.7482315e+00 -2.3144625e+00 
   386 : -1.5872452e+00 -2.4238540e+00 
   387 : -1.4339154e+00 -2.5268675e+00 
   388 : -1.2456044e+00 -2.6034863e+00 
   389 :  2.1477226e+00 -2.3932831e+00 
   390 :  1.6942843e+00 -2.3788954e+00 
   391 :  1.5436523e+00 -2.4631208e+00 
   392 :  1.3641793e+00 -2.5560229e+00 
   393 :  2.0086278e+00 -2.0631060e+00 
   394 : -2.3304118e+00  1.7831623e+00 
   395 :  2.3304118e+00  1.7831623e+00 
   396 :  1.8875970e+00 -2.2159323e+00 
   397 :  1.1592491e+00 -2.6420172e+00 
   398 :  1.3229725e+00 -2.7689097e+00 
   399 :  2.7325129e+00  8.8098388e-01 
   400 : -2.7542546e+00  8.6241124e-01 
   401 : -3.5658065e+01  3.0984742e+00 
   402 :  3.5658065e+01  3.0984742e+00 
   403 : -8.6538192e-01 -2.7500563e+00 
   404 :  9.0363802e-01 -2.7745580e+00 
   405 : -3.5608478e+01  2.9944118e+00 
   406 :  3.5608478e+01  2.9944118e+00 
   407 : -3.5707837e+01  3.1950685e+00 
   408 :  3.5707837e+01  3.1950685e+00 
   409 :  1.5447778e+00 -2.6628982e+00 
   410 : -3.5753757e+01  3.2926043e+00 
   411 :  3.5753757e+01  3.2926043e+00 
   412 : -3.5545558e+01  2.9151929e+00 
   413 :  3.5545558e+01  2.9151929e+00 
   414 : -1.0567002e+00 -2.6857134e+00 
   415 :  2.8855845e+00 -1.6004052e-01 
   416 : -2.8852249e+00 -1.5966350e-01 
   417 :  3.5778939e+01  3.3946661e+00 
   418 : -3.5778939e+01  3.3946661e+00 
   419 :  2.8882427e+00 -5.2096837e-02 
   420 : -2.8881828e+00 -5.2043081e-02 
   421 : -2.8877243e+00  5.2070449e-02 
   422 :  2.8877343e+00  5.2061489e-02 
   423 :  1.6903650e+00 -2.5798956e+00 
   424 :  1.8730807e+00 -2.4410387e+00 
   425 :  2.8306611e+00  5.6305350e-01 
   426 : -2.8306611e+00  5.6305350e-01 
   427 :  3.5797826e+01  3.4961894e+00 
   428 : -3.5797826e+01  3.4961894e+00 
   429 :  2.8827929e+00  1.6331245e-01 
   430 : -2.8827913e+00  1.6331395e-01 
   431 : -1.4244596e+00 -2.7303512e+00 
   432 : -1.6021255e+00 -2.6151017e+00 
   433 : -1.8034239e+00 -2.5181276e+00 
   434 : -1.9226297e+00 -2.3085408e+00 
   435 :  3.5809719e+01  3.5978487e+00 
   436 : -3.5809719e+01  3.5978487e+00 
   437 : -3.5817364e+01  3.6996075e+00 
   438 :  3.5817364e+01  3.6996075e+00 
   439 : -2.0042938e+00 -2.0817409e+00 
   440 : -2.8640711e+00  3.5747838e-01 
   441 :  2.8640711e+00  3.5747838e-01 
   442 :  3.5822223e+01  3.8027150e+00 
   443 : -3.5822223e+01  3.8027150e+00 
   444 : -2.8636167e+00 -3.5968186e-01 
   445 :  2.8636167e+00 -3.5968186e-01 
   446 :  2.8612011e+00 -2.5281043e-01 
   447 : -2.8611292e+00 -2.5275311e-01 
   448 :  3.5825170e+01  3.9025804e+00 
   449 : -3.5825170e+01  3.9025804e+00 
   450 :  3.5827357e+01  4.0019259e+00 
   451 : -3.5827357e+01  4.0019259e+00 
   452 :  1.0440621e+00 -2.7953777e+00 
   453 :  1.7779705e+00 -2.2915156e+00 
   454 :  3.5829601e+01  4.1009608e+00 
   455 : -3.5829601e+01  4.1009608e+00 
   456 : -2.6987391e+00  9.6189781e-01 
   457 :  9.7342777e-01 -2.7071642e+00 
   458 :  1.0453505e+00 -2.6709762e+00 
   459 : -3.5832534e+01  4.1998788e+00 
   460 :  3.5832534e+01  4.1998788e+00 
   461 : -2.8584446e+00  2.5619315e-01 
   462 :  2.8584450e+00  2.5619285e-01 
   463 : -1.8341590e+00 -2.2167174e+00 
   464 : -3.5836508e+01  4.2986765e+00 
   465 :  3.5836508e+01  4.2986765e+00 
   466 :  3.5610252e+01  2.9170377e+00 
   467 : -3.5610252e+01  2.9170377e+00 
   468 : -4.5047668e-01 -2.8356659e+00 
   469 :  2.7636459e+00  7.5452886e-01 
   470 :  2.7855714e+00  6.7070791e-01 
   471 : -2.7701401e+00  7.5132142e-01 
   472 : -2.7868702e+00  6.7006642e-01 
   473 : -3.5778459e+01  3.2060312e+00 
   474 :  3.5778459e+01  3.2060312e+00 
   475 :  2.8329584e+00  4.5679901e-01 
   476 : -2.8329584e+00  4.5679901e-01 
   477 :  3.5843084e+01  4.3984432e+00 
   478 : -3.5843084e+01  4.3984432e+00 
   479 : -3.5687856e+01  3.0209571e+00 
   480 :  3.5687856e+01  3.0209571e+00 
   481 :  3.5743115e+01  3.1258049e+00 
   482 : -3.5743115e+01  3.1258049e+00 
   483 : -3.5855286e+01  4.5833897e+00 
   484 :  3.5855286e+01  4.5833897e+00 
   485 :  3.5853575e+01  4.4968486e+00 
   486 : -3.5853575e+01  4.4968486e+00 
Number of edges 381 
     0 :      0     18 
     1 :     18     19 
     2 :     19     20 
     3 :     20     21 
     4 :     21     22 
     5 :     22     23 
     6 :     23     24 
     7 :     24     25 
     8 :     25     26 
     9 :     26      2 
    10 :      2     27 
    11 :     27     28 
    12 :     28     29 
    13 :     29     30 
    14 :     30     31 
    15 :     31     32 
    16 :     32     33 
    17 :     33     34 
    18 :     34     35 
    19 :     35     36 
    20 :     36     37 
    21 :     37     38 
    22 :     38     39 
    23 :     39     40 
    24 :     40     41 
    25 :     41     42 
    26 :     42     43 
    27 :     43     44 
    28 :     44     45 
    29 :     45     46 
    30 :     46     47 
    31 :     47     48 
    32 :     48     49 
    33 :     49     50 
    34 :     50     51 
    35 :     51     52 
    36 :     52     53 
    37 :     53     54 
    38 :     54     55 
    39 :     55     56 
    40 :     56     57 
    41 :     57     58 
    42 :     58     59 
    43 :     59     60 
    44 :     60     61 
    45 :     61     62 
    46 :     62     63 
    47 :     63     64 
    48 :     64     65 
    49 :     65     66 
    50 :     66     67 
    51 :     67     68 
    52 :     68      3 
    53 :      1     69 
    54 :     69     70 
    55 :     70     71 
    56 :     71     72 
    57 :     72     73 
    58 :     73     74 
    59 :     74     75 
    60 :     75     76 
    61 :     76     77 
    62 :     77      3 
    63 :      4     78 
    64 :     78     79 
    65 :     79     80 
    66 :     80     81 
    67 :     81     82 
    68 :     82     83 
    69 :     83     84 
    70 :     84     85 
    71 :     85     86 
    72 :     86      6 
    73 :      6     87 
    74 :     87     88 
    75 :     88     89 
    76 :     89     90 
    77 :     90     91 
    78 :     91     92 
    79 :     92     93 
    80 :     93     94 
    81 :     94     95 
    82 :     95     96 
    83 :     96     97 
    84 :     97     98 
    85 :     98     99 
    86 :     99    100 
    87 :    100    101 
    88 :    101    102 
    89 :    102    103 
    90 :    103    104 
    91 :    104    105 
    92 :    105    106 
    93 :    106    107 
    94 :    107    108 
    95 :    108    109 
    96 :    109    110 
    97 :    110    111 
    98 :    111    112 
    99 :    112    113 
   100 :    113    114 
   101 :    114    115 
   102 :    115    116 
   103 :    116    117 
   104 :    117    118 
   105 :    118    119 
   106 :    119    120 
   107 :    120    121 
   108 :    121    122 
   109 :    122    123 
   110 :    123    124 
   111 :    124    125 
   112 :    125    126 
   113 :    126    127 
   114 :    127    128 
   115 :    128      7 
   116 :      5    129 
   117 :    129    130 
   118 :    130    131 
   119 :    131    132 
   120 :    132    133 
   121 :    133    134 
   122 :    134    135 
   123 :    135    136 
   124 :    136    137 
   125 :    137      7 
   126 :      8    138 
   127 :    138    139 
   128 :    139    140 
   129 :    140     10 
   130 :     10    141 
   131 :    141    142 
   132 :    142    143 
   133 :    143      9 
   134 :     11    144 
   135 :    144    145 
   136 :    145    146 
   137 :    146    147 
   138 :    147    148 
   139 :    148    149 
   140 :    149    150 
   141 :    150    151 
   142 :    151    152 
   143 :    152    153 
   144 :    153    154 
   145 :    154    155 
   146 :    155    156 
   147 :    156    157 
   148 :    157    158 
   149 :    158    159 
   150 :    159    160 
   151 :    160     12 
   152 :     13    161 
   153 :    161    162 
   154 :    162    163 
   155 :    163    164 
   156 :    164    165 
   157 :    165    166 
   158 :    166    167 
   159 :    167    168 
   160 :    168    169 
   161 :    169    170 
   162 :    170    171 
   163 :    171    172 
   164 :    172    173 
   165 :    173    174 
   166 :    174    175 
   167 :    175    176 
   168 :    176    177 
   169 :    177     14 
   170 :     15    178 
   171 :    178    179 
   172 :    179    180 
   173 :    180      5 
   174 :      4    181 
   175 :    181    182 
   176 :    182    183 
   177 :    183    184 
   178 :    184    185 
   179 :    185    186 
   180 :    186    187 
   181 :    187    188 
   182 :    188      0 
   183 :      1    189 
   184 :    189    190 
   185 :    190    191 
   186 :    191     16 
   187 :     16    192 
   188 :    192    193 
   189 :    193    194 
   190 :    194    195 
   191 :    195    196 
   192 :    196     11 
   193 :     12    197 
   194 :    197    198 
   195 :    198      9 
   196 :      8    199 
   197 :    199    200 
   198 :    200     14 
   199 :     13    201 
   200 :    201    202 
   201 :    202    203 
   202 :    203    204 
   203 :    204    205 
   204 :    205     15 
   205 :     17    206 
   206 :    206    207 
   207 :    207    208 
   208 :    208    209 
   209 :    209    210 
   210 :    210    211 
   211 :    211    212 
   212 :    212    213 
   213 :    213    214 
   214 :    214    215 
   215 :    215    216 
   216 :    216    217 
   217 :    217    218 
   218 :    218    219 
   219 :    219    220 
   220 :    220    221 
   221 :    221    222 
   222 :    222    223 
   223 :    223    224 
   224 :    224    225 
   225 :    225    226 
   226 :    226    227 
   227 :    227    228 
   228 :    228    229 
   229 :    229    230 
   230 :    230    231 
   231 :    231    232 
   232 :    232    233 
   233 :    233    234 
   234 :    234    235 
   235 :    235    236 
   236 :    236    237 
   237 :    237    238 
   238 :    238    239 
   239 :    239    240 
   240 :    240    241 
   241 :    241    242 
   242 :    242    243 
   243 :    243    244 
   244 :    244    245 
   245 :    245    246 
   246 :    246    247 
   247 :    247    248 
   248 :    248    249 
   249 :    249    250 
   250 :    250    251 
   251 :    251    252 
   252 :    252    253 
   253 :    253    254 
   254 :    254    255 
   255 :    255    256 
   256 :    256    257 
   257 :    257    258 
   258 :    258    259 
   259 :    259    260 
   260 :    260    261 
   261 :    261    262 
   262 :    262    263 
   263 :    263    264 
   264 :    264    265 
   265 :    265    266 
   266 :    266    267 
   267 :    267    268 
   268 :    268    269 
   269 :    269    270 
   270 :    270    271 
   271 :    271    272 
   272 :    272    273 
   273 :    273    274 
   274 :    274    275 
   275 :    275    276 
   276 :    276    277 
   277 :    277    278 
   278 :    278    279 
   279 :    279    280 
   280 :    280    281 
   281 :    281    282 
   282 :    282    283 
   283 :    283    284 
   284 :    284    285 
   285 :    285    286 
   286 :    286    287 
   287 :    287    288 
   288 :    288    289 
   289 :    289    290 
   290 :    290    291 
   291 :    291    292 
   292 :    292    293 
   293 :    293    294 
   294 :    294    295 
   295 :    295    296 
   296 :    296    297 
   297 :    297    298 
   298 :    298    299 
   299 :    299    300 
   300 :    300    301 
   301 :    301    302 
   302 :    302    303 
   303 :    303    304 
   304 :    304    305 
   305 :    305    306 
   306 :    306    307 
   307 :    307    308 
   308 :    308    309 
   309 :    309    310 
   310 :    310    311 
   311 :    311    312 
   312 :    312    313 
   313 :    313    314 
   314 :    314    315 
   315 :    315    316 
   316 :    316    317 
   317 :    317    318 
   318 :    318    319 
   319 :    319    320 
   320 :    320    321 
   321 :    321    322 
   322 :    322    323 
   323 :    323    324 
   324 :    324    325 
   325 :    325    326 
   326 :    326    327 
   327 :    327    328 
   328 :    328    329 
   329 :    329    330 
   330 :    330    331 
   331 :    331    332 
   332 :    332    333 
   333 :    333    334 
   334 :    334    335 
   335 :    335    336 
   336 :    336    337 
   337 :    337    338 
   338 :    338    339 
   339 :    339    340 
   340 :    340    341 
   341 :    341    342 
   342 :    342    343 
   343 :    343    344 
   344 :    344    345 
   345 :    345    346 
   346 :    346    347 
   347 :    347    348 
   348 :    348    349 
   349 :    349    350 
   350 :    350    351 
   351 :    351    352 
   352 :    352    353 
   353 :    353    354 
   354 :    354    355 
   355 :    355    356 
   356 :    356    357 
   357 :    357    358 
   358 :    358    359 
   359 :    359    360 
   360 :    360    361 
   361 :    361    362 
   362 :    362    363 
   363 :    363    364 
   364 :    364    365 
   365 :    365    366 
   366 :    366    367 
   367 :    367    368 
   368 :    368    369 
   369 :    369    370 
   370 :    370    371 
   371 :    371    372 
   372 :    372    373 
   373 :    373    374 
   374 :    374    375 
   375 :    375    376 
   376 :    376    377 
   377 :    377    378 
   378 :    378    379 
   379 :    379    380 
   380 :    380     17 
Number of triangles 593 
     0 :    393    396    389
     1 :    185    382    210
     2 :    349      5      4
     3 :      1    237      0
     4 :     35    417    411
     5 :    410    418     95
     6 :     35    411     34
     7 :     94    410     95
     8 :    218    397    392
     9 :    374    403    381
    10 :    382    404    213
    11 :    386    387    366
    12 :    260    196    261
    13 :    325    201    326
    14 :    387    388    367
    15 :    220    392    391
    16 :    195    470    425
    17 :    187    409    398
    18 :    129    130     79
    19 :     19     70     69
    20 :    403    414    183
    21 :     50     48     49
    22 :    108    110    109
    23 :    289      9    290
    24 :    294      8    295
    25 :    378    184    379
    26 :    185    208    207
    27 :     88    412     89
    28 :     29    413     28
    29 :    194    441    193
    30 :    204    440    203
    31 :     79     78    129
    32 :     19     69     18
    33 :    110    483    111
    34 :     51    484     50
    35 :     95    418     96
    36 :     36    417     35
    37 :     36    427    417
    38 :    418    428     96
    39 :    191    415    190
    40 :    179    416    178
    41 :     32    481    480
    42 :    479    482     92
    43 :    182    383    181
    44 :    188    389    187
    45 :    205    430    204
    46 :    193    429    192
    47 :     11    395    266
    48 :    320    394     13
    49 :    186    452    404
    50 :    326    201    327
    51 :    259    196    260
    52 :    381    468    376
    53 :    229    389      0
    54 :      4    383    357
    55 :    190    446    445
    56 :    444    447    179
    57 :     32    480     31
    58 :     91    479     92
    59 :    270     12    271
    60 :    315     14    316
    61 :    190    445    189
    62 :    180    444    179
    63 :    433    434    383
    64 :    480    481    402
    65 :    401    482    479
    66 :    107    483    108
    67 :     48    484     47
    68 :     67    413    406
    69 :    405    412    127
    70 :     96    428     97
    71 :     37    427     36
    72 :    405    479     90
    73 :     30    480    406
    74 :     37    435    427
    75 :    428    436     97
    76 :    401    405    126
    77 :     66    406    402
    78 :    385    433    386
    79 :    276    197    277
    80 :    309    200    310
    81 :    304    199    305
    82 :    281    198    282
    83 :    416    420    178
    84 :    402    408     65
    85 :    125    407    401
    86 :     16    422    419
    87 :    406    466     30
    88 :     90    467    405
    89 :    192    422     16
    90 :     15    421    205
    91 :    420    421     15
    92 :    143      8    294
    93 :    178    420     15
    94 :    124    410    407
    95 :    408    411     64
    96 :    191    419    415
    97 :    397    452    398
    98 :    452    457    404
    99 :    123    418    410
   100 :    411    417     63
   101 :     16    419    191
   102 :    413    466    406
   103 :    405    467    412
   104 :    419    422    249
   105 :      8    199    301
   106 :     38    438    435
   107 :    436    437     98
   108 :     93    482    473
   109 :    474    481     33
   110 :    417    427     62
   111 :    122    428    418
   112 :      2     77     26
   113 :    137      6     86
   114 :     38    435     37
   115 :     97    436     98
   116 :    473    482    407
   117 :    408    481    474
   118 :    185    209    208
   119 :    248    419    249
   120 :    192    429    422
   121 :    421    430    205
   122 :    121    436    428
   123 :    427    435     61
   124 :    406    480    402
   125 :    401    479    405
   126 :    265     11    266
   127 :    320     13    321
   128 :    398    452    186
   129 :    125    401    126
   130 :     66    402     65
   131 :     65    408     64
   132 :    124    407    125
   133 :    126    405    127
   134 :     67    406     66
   135 :    123    410    124
   136 :     64    411     63
   137 :     63    417     62
   138 :    122    418    123
   139 :    121    428    122
   140 :     62    427     61
   141 :    127    412    128
   142 :     68    413     67
   143 :    202    471    400
   144 :    287      9    288
   145 :    337    421    420
   146 :    338    420    416
   147 :    391    423    390
   148 :     90    479     91
   149 :     31    480     30
   150 :    249    422    250
   151 :    336    421    337
   152 :    247    415    248
   153 :    337    420    338
   154 :    338    416    339
   155 :    282    198    283
   156 :    303    199    304
   157 :    310    200    311
   158 :    275    197    276
   159 :    415    419    248
   160 :    399    469    195
   161 :    422    429    250
   162 :    336    430    421
   163 :    120    437    436
   164 :    435    438     60
   165 :    120    436    121
   166 :     61    435     60
   167 :    250    429    251
   168 :    335    430    336
   169 :    437    443     99
   170 :     39    442    438
   171 :     98    437     99
   172 :     39    438     38
   173 :    179    447    416
   174 :    415    446    190
   175 :    119    443    437
   176 :    438    442     59
   177 :    402    481    408
   178 :    407    482    401
   179 :    119    437    120
   180 :     60    438     59
   181 :    397    458    452
   182 :    431    432    182
   183 :    321     13    322
   184 :    264     11    265
   185 :    396    453    424
   186 :    432    433    182
   187 :     94    473    410
   188 :    411    474     34
   189 :    300      8    301
   190 :     99    443    100
   191 :     40    442     39
   192 :     29    466    413
   193 :    412    467     89
   194 :     50    484     48
   195 :    108    483    110
   196 :    201    456    327
   197 :    424    453    390
   198 :     40    448    442
   199 :    443    449    100
   200 :    392    409    391
   201 :     14    394    317
   202 :    269    395     12
   203 :     59    442     58
   204 :    118    443    119
   205 :    118    449    443
   206 :    442    448     58
   207 :    247    446    415
   208 :    416    447    339
   209 :    246    446    247
   210 :    339    447    340
   211 :    430    461    204
   212 :    193    462    429
   213 :    117    449    118
   214 :     58    448     57
   215 :     41    448     40
   216 :    100    449    101
   217 :     92    482     93
   218 :     33    481     32
   219 :    410    473    407
   220 :    408    474    411
   221 :    448    450     57
   222 :    117    451    449
   223 :     41    450    448
   224 :    449    451    101
   225 :    385    463    434
   226 :    116    451    117
   227 :     57    450     56
   228 :    360    384    361
   229 :     42    450     41
   230 :    101    451    102
   231 :    112    486    478
   232 :    477    485     52
   233 :    116    455    451
   234 :    450    454     56
   235 :    316     14    317
   236 :    269     12    270
   237 :     46    485    477
   238 :    478    486    106
   239 :    451    455    102
   240 :     42    454    450
   241 :    346      5    347
   242 :      1    240    239
   243 :    115    455    116
   244 :     56    454     55
   245 :     43    454     42
   246 :    102    455    103
   247 :    434    463    384
   248 :    335    461    430
   249 :    429    462    251
   250 :    334    461    335
   251 :    251    462    252
   252 :     44    460     43
   253 :    103    459    104
   254 :    454    460     55
   255 :    115    459    455
   256 :    441    462    193
   257 :    204    461    440
   258 :     43    460    454
   259 :    455    459    103
   260 :    114    459    115
   261 :     55    460     54
   262 :    397    398    392
   263 :    111    486    112
   264 :     52    485     51
   265 :    106    486    107
   266 :     47    485     46
   267 :     45    465     44
   268 :    104    464    105
   269 :    459    464    104
   270 :     44    465    460
   271 :    386    432    387
   272 :    460    465     54
   273 :    114    464    459
   274 :    340    444    341
   275 :    245    445    246
   276 :    113    464    114
   277 :     54    465     53
   278 :    387    431    388
   279 :    252    441    253
   280 :    333    440    334
   281 :     30    466     29
   282 :     89    467     90
   283 :     46    477     45
   284 :    105    478    106
   285 :    330    472    331
   286 :     34    474     33
   287 :     93    473     94
   288 :     45    477    465
   289 :    464    478    105
   290 :    385    434    433
   291 :    254    425    255
   292 :    331    426    332
   293 :     53    477     52
   294 :    112    478    113
   295 :    329    471    330
   296 :    465    477     53
   297 :    113    478    464
   298 :    332    476    333
   299 :    253    475    254
   300 :    256    469    257
   301 :    223    453    224
   302 :     51    485    484
   303 :    483    486    111
   304 :    484    485     47
   305 :    107    486    483
   306 :    224    396    225
   307 :    226    393    227
   308 :    362    385    363
   309 :    423    424    390
   310 :    359    439    360
   311 :    445    446    246
   312 :    340    447    444
   313 :    288      9    289
   314 :    222    390    223
   315 :    361    463    362
   316 :    255    470    256
   317 :    328    400    329
   318 :    257    399    258
   319 :    214    457    215
   320 :    378    468    184
   321 :    440    461    334
   322 :    252    462    441
   323 :    370    414    371
   324 :    213    404    214
   325 :    372    403    373
   326 :    425    475    194
   327 :    203    476    426
   328 :    216    397    217
   329 :    386    433    432
   330 :    215    458    216
   331 :    360    439    384
   332 :    364    386    365
   333 :    187    423    409
   334 :    220    391    221
   335 :    368    388    369
   336 :    327    456    328
   337 :    366    387    367
   338 :    218    392    219
   339 :    409    423    391
   340 :    333    476    440
   341 :    441    475    253
   342 :    374    381    375
   343 :    211    382    212
   344 :    254    475    425
   345 :    426    476    332
   346 :    331    472    426
   347 :    398    409    392
   348 :    471    472    330
   349 :    425    470    255
   350 :    256    470    469
   351 :    387    432    431
   352 :    440    476    203
   353 :    194    475    441
   354 :    384    463    361
   355 :    224    453    396
   356 :    362    463    385
   357 :    400    471    329
   358 :    257    469    399
   359 :    390    453    223
   360 :    376    468    377
   361 :    404    457    214
   362 :      0    389    188
   363 :    181    383      4
   364 :    457    458    215
   365 :    328    456    400
   366 :    216    458    397
   367 :    318    394    319
   368 :    267    395    268
   369 :    469    470    195
   370 :     68      3     27
   371 :      7    128     87
   372 :    295      8    296
   373 :    202    472    471
   374 :    345      5    346
   375 :    241    240      1
   376 :    452    458    457
   377 :    299      8    300
   378 :    344      5    345
   379 :      1    242    241
   380 :      1    244    243
   381 :    342      5    343
   382 :      6      7     87
   383 :     27      3      2
   384 :      1    189    244
   385 :    342    180      5
   386 :    296      8    297
   387 :    343      5    344
   388 :    243    242      1
   389 :    298      8    299
   390 :    297      8    298
   391 :    143    138      8
   392 :    285    198      9
   393 :     10    140    141
   394 :     12    197    273
   395 :    271     12    272
   396 :    313    200     14
   397 :    185     17    184
   398 :     22     72     21
   399 :     26     77     76
   400 :     82     81    132
   401 :    150    154    149
   402 :    151    153    150
   403 :    153    154    150
   404 :    152    153    151
   405 :    166    171    167
   406 :    167    170    168
   407 :    167    171    170
   408 :    168    170    169
   409 :    184    381    183
   410 :    379    184    380
   411 :    184    468    381
   412 :    186    382    185
   413 :    185    207    206
   414 :    187    398    186
   415 :    261    196    262
   416 :    197    198    279
   417 :    199    200    307
   418 :    301    199    302
   419 :    202    400    201
   420 :    400    456    201
   421 :    203    426    202
   422 :    426    472    202
   423 :    266    395    267
   424 :    317    394    318
   425 :    367    388    368
   426 :      0     18      1
   427 :      0    230    229
   428 :      0    231    230
   429 :      0    232    231
   430 :    233    232      0
   431 :      0    234    233
   432 :      0    235    234
   433 :    236    235      0
   434 :      0    237    236
   435 :     18     69      1
   436 :      1    238    237
   437 :      1    239    238
   438 :      3     77      2
   439 :      5     78      4
   440 :    349      4    350
   441 :    350      4    351
   442 :    351      4    352
   443 :    352      4    353
   444 :    353      4    354
   445 :    354      4    355
   446 :    355      4    356
   447 :    356      4    357
   448 :    129     78      5
   449 :    347      5    348
   450 :    348      5    349
   451 :    137      7      6
   452 :      9    143    292
   453 :    285      9    286
   454 :    286      9    287
   455 :    290      9    291
   456 :    291      9    292
   457 :    144    160     11
   458 :    160    395     11
   459 :    262    196     11
   460 :    262     11    263
   461 :    263     11    264
   462 :     12    395    160
   463 :    272     12    273
   464 :     13    177    161
   465 :     13    394    177
   466 :     13    201    324
   467 :    322     13    323
   468 :    323     13    324
   469 :    177    394     14
   470 :    313     14    314
   471 :    314     14    315
   472 :    184     17    380
   473 :    206     17    185
   474 :     20     70     19
   475 :     21     71     20
   476 :     20     71     70
   477 :     21     72     71
   478 :     23     73     22
   479 :     22     73     72
   480 :     24     74     23
   481 :     23     74     73
   482 :     25     75     24
   483 :     24     75     74
   484 :     26     76     25
   485 :     25     76     75
   486 :     27     28     68
   487 :     28    413     68
   488 :    130     80     79
   489 :    131     81     80
   490 :    130    131     80
   491 :    132     81    131
   492 :     82    133     83
   493 :    132    133     82
   494 :     83    134     84
   495 :     83    133    134
   496 :     84    135     85
   497 :    134    135     84
   498 :     85    136     86
   499 :    135    136     85
   500 :    136    137     86
   501 :     87    128     88
   502 :    128    412     88
   503 :    142    139    138
   504 :    142    138    143
   505 :    141    140    139
   506 :    141    139    142
   507 :    292    143    293
   508 :    293    143    294
   509 :    145    159    144
   510 :    159    160    144
   511 :    146    158    145
   512 :    158    159    145
   513 :    147    157    146
   514 :    157    158    146
   515 :    148    156    147
   516 :    156    157    147
   517 :    149    155    148
   518 :    155    156    148
   519 :    154    155    149
   520 :    161    176    162
   521 :    161    177    176
   522 :    162    175    163
   523 :    162    176    175
   524 :    163    174    164
   525 :    163    175    174
   526 :    164    173    165
   527 :    164    174    173
   528 :    165    172    166
   529 :    165    173    172
   530 :    166    172    171
   531 :    342    444    180
   532 :    183    431    182
   533 :    182    433    383
   534 :    381    403    183
   535 :    183    414    388
   536 :    388    431    183
   537 :    185    210    209
   538 :    186    404    382
   539 :    389    424    187
   540 :    187    424    423
   541 :    189    445    244
   542 :    195    425    194
   543 :    196    399    195
   544 :    259    399    196
   545 :    273    197    274
   546 :    274    197    275
   547 :    277    197    278
   548 :    278    197    279
   549 :    279    198    280
   550 :    280    198    281
   551 :    283    198    284
   552 :    284    198    285
   553 :    302    199    303
   554 :    305    199    306
   555 :    306    199    307
   556 :    307    200    308
   557 :    308    200    309
   558 :    311    200    312
   559 :    312    200    313
   560 :    324    201    325
   561 :    210    382    211
   562 :    212    382    213
   563 :    217    397    218
   564 :    219    392    220
   565 :    221    391    222
   566 :    222    391    390
   567 :    225    396    226
   568 :    226    396    393
   569 :    227    393    228
   570 :    228    393    229
   571 :    229    393    389
   572 :    244    445    245
   573 :    258    399    259
   574 :    268    395    269
   575 :    319    394    320
   576 :    341    444    342
   577 :    357    439    358
   578 :    383    439    357
   579 :    358    439    359
   580 :    363    385    364
   581 :    385    386    364
   582 :    365    386    366
   583 :    369    414    370
   584 :    388    414    369
   585 :    371    403    372
   586 :    371    414    403
   587 :    373    403    374
   588 :    375    381    376
   589 :    377    468    378
   590 :    434    439    383
   591 :    384    439    434
   592 :    396    424    389
Number of domains 18
  Domain :      0 
  Name : underRW
  Number of elements :     10
     0     1     2     3     4     5     6     7     8     9
  Domain :      1 
  Name : RWL
  Number of elements :     43
    10    11    12    13    14    15    16    17    18    19
    20    21    22    23    24    25    26    27    28    29
    30    31    32    33    34    35    36    37    38    39
    40    41    42    43    44    45    46    47    48    49
    50    51    52
  Domain :      2 
  Name : upperRW
  Number of elements :     10
    53    54    55    56    57    58    59    60    61    62
  Domain :      3 
  Name : underLW
  Number of elements :     10
    63    64    65    66    67    68    69    70    71    72
  Domain :      4 
  Name : LWL
  Number of elements :     43
    73    74    75    76    77    78    79    80    81    82
    83    84    85    86    87    88    89    90    91    92
    93    94    95    96    97    98    99   100   101   102
   103   104   105   106   107   108   109   110   111   112
   113   114   115
  Domain :      5 
  Name : upperLW
  Number of elements :     10
   116   117   118   119   120   121   122   123   124   125
  Domain :      6 
  Name : VStabL
  Number of elements :      4
   126   127   128   129
  Domain :      7 
  Name : VStabR
  Number of elements :      4
   130   131   132   133
  Domain :      8 
  Name : HStabR
  Number of elements :     18
   134   135   136   137   138   139   140   141   142   143
   144   145   146   147   148   149   150   151
  Domain :      9 
  Name : HStabL
  Number of elements :     18
   152   153   154   155   156   157   158   159   160   161
   162   163   164   165   166   167   168   169
  Domain :     10 
  Name : Fuselage0
  Number of elements :      4
   170   171   172   173
  Domain :     11 
  Name : Wheels
  Number of elements :      9
   174   175   176   177   178   179   180   181   182
  Domain :     12 
  Name : Fuselage1
  Number of elements :      4
   183   184   185   186
  Domain :     13 
  Name : Fuselage2
  Number of elements :      6
   187   188   189   190   191   192
  Domain :     14 
  Name : Fuselage3
  Number of elements :      3
   193   194   195
  Domain :     15 
  Name : Fuselage4
  Number of elements :      3
   196   197   198
  Domain :     16 
  Name : Fuselage5
  Number of elements :      6
   199   200   201   202   203   204
  Domain :     17 
  Name : Cab
  Number of elements :    176
   205   206   207   208   209   210   211   212   213   214
   215   216   217   218   219   220   221   222   223   224
   225   226   227   228   229   230   231   232   233   234
   235   236   237   238   239   240   241   242   243   244
   245   246   247   248   249   250   251   252   253   254
   255   256   257   258   259   260   261   262   263   264
   265   266   267   268   269   270   271   272   273   274
   275   276   277   278   279   280   281   282   283   284
   285   286   287   288   289   290   291   292   293   294
   295   296   297   298   299   300   301   302   303   304
   305   306   307   308   309   310   311   312   313   314
   315   316   317   318   319   320   321   322   323   324
   325   326   327   328   329   330   331   332   333   334
   335   336   337   338   339   340   341   342   343   344
   345   346   347   348   349   350   351   352   353   354
   355   356   357   358   359   360   361   362   363   364
   365   366   367   368   369   370   371   372   373   374
   375   376   377   378   379   380
