Size 487,2
0.000000000000000000e+00,0.000000000000000000e+00
0.000000000000000000e+00,0.000000000000000000e+00
3.436139764049556209e-03,-2.481097828553151599e-02
3.643373971182160397e-03,-2.481113454772141888e-02
0.000000000000000000e+00,0.000000000000000000e+00
0.000000000000000000e+00,0.000000000000000000e+00
-3.436139763932829268e-03,-2.481097828471618902e-02
-3.643373971057732585e-03,-2.481113454690608844e-02
0.000000000000000000e+00,0.000000000000000000e+00
0.000000000000000000e+00,0.000000000000000000e+00
-3.976018274398580389e-06,-7.728929078994130854e-06
0.000000000000000000e+00,0.000000000000000000e+00
0.000000000000000000e+00,0.000000000000000000e+00
0.000000000000000000e+00,0.000000000000000000e+00
0.000000000000000000e+00,0.000000000000000000e+00
0.000000000000000000e+00,0.000000000000000000e+00
0.000000000000000000e+00,0.000000000000000000e+00
0.000000000000000000e+00,0.000000000000000000e+00
-4.596231450205152231e-05,-2.539166630657500108e-04
-9.378540737768465666e-05,-9.310898491732171652e-04
-9.896581758772465606e-06,-2.726421471416131531e-03
2.247058744674889914e-04,-6.010188901219412974e-03
6.796108079268585326e-04,-1.066893788832885479e-02
1.194464119702831964e-03,-1.452715334004134502e-02
1.687752972430886077e-03,-1.743522624247774086e-02
2.467190702598342968e-03,-2.111489005112997253e-02
3.099026604664608699e-03,-2.360794103541025146e-02
3.476916036998218759e-03,-2.490563925131738729e-02
3.524492884288937811e-03,-2.499722825033764279e-02
3.581252677693741449e-03,-2.508352080437145290e-02
3.649953154723849669e-03,-2.516082264023345935e-02
3.731392002848845334e-03,-2.522485919538790256e-02
3.822124893550350559e-03,-2.527511950267392199e-02
3.918530273497423423e-03,-2.531367870506604639e-02
4.018524104392803310e-03,-2.534195973706531227e-02
4.120612732845001756e-03,-2.536160937929209103e-02
4.223838591216891140e-03,-2.537428293045873237e-02
4.327615165050696135e-03,-2.538148562492865620e-02
4.431610045051688831e-03,-2.538473226611611192e-02
4.535666737770485159e-03,-2.538560477472359342e-02
4.639738484139731799e-03,-2.538566532070422876e-02
4.743819876859268168e-03,-2.538569295134850134e-02
4.847909842126071206e-03,-2.538571708518163120e-02
4.952007919925523367e-03,-2.538573776356442546e-02
5.056113289966281989e-03,-2.538575499362347165e-02
5.160225090120677469e-03,-2.538576875341260614e-02
5.264342113370937618e-03,-2.538577902842398606e-02
5.368463186127461935e-03,-2.538578581193643227e-02
5.472584271522200512e-03,-2.538533713931867553e-02
5.561809705110812643e-03,-2.536179039755979969e-02
5.469613403555328816e-03,-2.531554077142994519e-02
5.368987933445175734e-03,-2.528897060684867637e-02
5.266460714892386326e-03,-2.527090454980623901e-02
5.163179060409086966e-03,-2.525777131965498135e-02
5.059533536496092082e-03,-2.524793656096417302e-02
4.955684833093176173e-03,-2.524062273751755126e-02
4.851716302971908687e-03,-2.523540572455550482e-02
4.747702742175207921e-03,-2.523134453972639135e-02
4.643720723350680188e-03,-2.522674484876208378e-02
4.539853631175165896e-03,-2.522020466730461388e-02
4.436222002065735685e-03,-2.521075899196882977e-02
4.332977380873058795e-03,-2.519785256538284793e-02
4.230282641021063626e-03,-2.518122353445028175e-02
4.128504481911179219e-03,-2.515981592225670013e-02
4.028486449212173928e-03,-2.513147420215208414e-02
3.931674020931102791e-03,-2.509381418797966209e-02
3.840524031622514611e-03,-2.504425282976930484e-02
3.758897286511987939e-03,-2.498052214443551022e-02
3.691719630790199578e-03,-2.490201377500123395e-02
1.244731993818434454e-04,-2.807217245811793969e-04
2.894929675431295716e-04,-1.013300892131917350e-03
4.654782167614116267e-04,-2.829753524735004536e-03
7.057530816009298337e-04,-6.107960400102187444e-03
1.103036002605377883e-03,-1.073488540416930002e-02
1.631190839952383499e-03,-1.455584990299758040e-02
2.131423658668766142e-03,-1.743740131250021488e-02
2.846259861099226501e-03,-2.109760871960303721e-02
3.375835242811541913e-03,-2.359637563725284007e-02
4.596231450084801046e-05,-2.539166630596537588e-04
9.378540737496570800e-05,-9.310898491490392399e-04
9.896581758205011129e-06,-2.726421471341176298e-03
-2.247058744613630052e-04,-6.010188901047527898e-03
-6.796108079070549294e-04,-1.066893788801447258e-02
-1.194464119666958750e-03,-1.452715333960237845e-02
-1.687752972378629701e-03,-1.743522624193822451e-02
-2.467190702517781109e-03,-2.111489005045306261e-02
-3.099026604560468478e-03,-2.360794103463974281e-02
-3.476916036879966563e-03,-2.490563925049855271e-02
-3.524492884168914462e-03,-2.499722824951543590e-02
-3.581252677571614747e-03,-2.508352080354609229e-02
-3.649953154599202849e-03,-2.516082263940529543e-02
-3.731392002721239942e-03,-2.522485919455742798e-02
-3.822124893419454831e-03,-2.527511950184162248e-02
-3.918530273363025722e-03,-2.531367870423234523e-02
-4.018524104254741006e-03,-2.534195973623056333e-02
-4.120612732703193316e-03,-2.536160937845660310e-02
-4.223838591071301871e-03,-2.537428292962278994e-02
-4.327615164901315627e-03,-2.538148562409247438e-02
-4.431610044898526626e-03,-2.538473226527985030e-02
-4.535666737613603706e-03,-2.538560477388736650e-02
-4.639738483979237785e-03,-2.538566531986807817e-02
-4.743819876695286493e-03,-2.538569295051243749e-02
-4.847909841958698146e-03,-2.538571708434565408e-02
-4.952007919754866476e-03,-2.538573776272852120e-02
-5.056113289792424532e-03,-2.538575499278762290e-02
-5.160225089943675826e-03,-2.538576875257680249e-02
-5.264342113190836892e-03,-2.538577902758822752e-02
-5.368463185944310698e-03,-2.538578581110069107e-02
-5.472584271336003968e-03,-2.538533713848295167e-02
-5.561809704922028759e-03,-2.536179039672475932e-02
-5.469613403369221610e-03,-2.531554077059624749e-02
-5.368987933262005414e-03,-2.528897060601577318e-02
-5.266460714712219680e-03,-2.527090454897387359e-02
-5.163179060231984710e-03,-2.525777131882302531e-02
-5.059533536322121869e-03,-2.524793656013252230e-02
-4.955684832922405657e-03,-2.524062273668617462e-02
-4.851716302804413329e-03,-2.523540572372434676e-02
-4.747702742011072723e-03,-2.523134453889543452e-02
-4.643720723190055202e-03,-2.522674484793135594e-02
-4.539853631018145666e-03,-2.522020466647419135e-02
-4.436222001912410416e-03,-2.521075899113881316e-02
-4.332977380723483998e-03,-2.519785256455333786e-02
-4.230282640875236699e-03,-2.518122353362140312e-02
-4.128504481769091489e-03,-2.515981592142862294e-02
-4.028486449073759475e-03,-2.513147420132502002e-02
-3.931674020796220234e-03,-2.509381418715396841e-02
-3.840524031490935401e-03,-2.504425282894540486e-02
-3.758897286383359928e-03,-2.498052214361393131e-02
-3.691719630663998011e-03,-2.490201377418253814e-02
-1.244731993786046082e-04,-2.807217245744440619e-04
-2.894929675351703893e-04,-1.013300892105474743e-03
-4.654782167481461962e-04,-2.829753524657054303e-03
-7.057530815802932379e-04,-6.107960399927362879e-03
-1.103036002572288683e-03,-1.073488540385286044e-02
-1.631190839901972434e-03,-1.455584990255768055e-02
-2.131423658600474849e-03,-1.743740131196061874e-02
-2.846259861004478940e-03,-2.109760871892678996e-02
-3.375835242697034985e-03,-2.359637563648276509e-02
-8.761147640215580983e-07,-5.079874345449066227e-06
-2.262652102223520616e-06,-7.215595677697395565e-06
-3.902721060276693983e-06,-7.735703456300086986e-06
-2.104636899263699838e-06,-6.728230980947218685e-06
-5.922736922858037341e-07,-4.823519125915250742e-06
3.123888266822870339e-07,-1.124882171594486724e-06
0.000000000000000000e+00,0.000000000000000000e+00
0.000000000000000000e+00,0.000000000000000000e+00
0.000000000000000000e+00,0.000000000000000000e+00
0.000000000000000000e+00,0.000000000000000000e+00
0.000000000000000000e+00,0.000000000000000000e+00
0.000000000000000000e+00,0.000000000000000000e+00
0.000000000000000000e+00,0.000000000000000000e+00
0.000000000000000000e+00,0.000000000000000000e+00
0.000000000000000000e+00,0.000000000000000000e+00
0.000000000000000000e+00,0.000000000000000000e+00
0.000000000000000000e+00,0.000000000000000000e+00
0.000000000000000000e+00,0.000000000000000000e+00
0.000000000000000000e+00,0.000000000000000000e+00
0.000000000000000000e+00,0.000000000000000000e+00
0.000000000000000000e+00,0.000000000000000000e+00
0.000000000000000000e+00,0.000000000000000000e+00
0.000000000000000000e+00,0.000000000000000000e+00
0.000000000000000000e+00,0.000000000000000000e+00
0.000000000000000000e+00,0.000000000000000000e+00
0.000000000000000000e+00,0.000000000000000000e+00
0.000000000000000000e+00,0.000000000000000000e+00
0.000000000000000000e+00,0.000000000000000000e+00
0.000000000000000000e+00,0.000000000000000000e+00
0.000000000000000000e+00,0.000000000000000000e+00
0.000000000000000000e+00,0.000000000000000000e+00
0.000000000000000000e+00,0.000000000000000000e+00
0.000000000000000000e+00,0.000000000000000000e+00
0.000000000000000000e+00,0.000000000000000000e+00
0.000000000000000000e+00,0.000000000000000000e+00
0.000000000000000000e+00,0.000000000000000000e+00
0.000000000000000000e+00,0.000000000000000000e+00
0.000000000000000000e+00,0.000000000000000000e+00
0.000000000000000000e+00,0.000000000000000000e+00
0.000000000000000000e+00,0.000000000000000000e+00
0.000000000000000000e+00,0.000000000000000000e+00
0.000000000000000000e+00,0.000000000000000000e+00
0.000000000000000000e+00,0.000000000000000000e+00
0.000000000000000000e+00,0.000000000000000000e+00
0.000000000000000000e+00,0.000000000000000000e+00
0.000000000000000000e+00,0.000000000000000000e+00
0.000000000000000000e+00,0.000000000000000000e+00
0.000000000000000000e+00,0.000000000000000000e+00
0.000000000000000000e+00,0.000000000000000000e+00
0.000000000000000000e+00,0.000000000000000000e+00
0.000000000000000000e+00,0.000000000000000000e+00
0.000000000000000000e+00,0.000000000000000000e+00
0.000000000000000000e+00,0.000000000000000000e+00
0.000000000000000000e+00,0.000000000000000000e+00
0.000000000000000000e+00,0.000000000000000000e+00
0.000000000000000000e+00,0.000000000000000000e+00
0.000000000000000000e+00,0.000000000000000000e+00
0.000000000000000000e+00,0.000000000000000000e+00
0.000000000000000000e+00,0.000000000000000000e+00
0.000000000000000000e+00,0.000000000000000000e+00
0.000000000000000000e+00,0.000000000000000000e+00
0.000000000000000000e+00,0.000000000000000000e+00
0.000000000000000000e+00,0.000000000000000000e+00
0.000000000000000000e+00,0.000000000000000000e+00
0.000000000000000000e+00,0.000000000000000000e+00
0.000000000000000000e+00,0.000000000000000000e+00
0.000000000000000000e+00,0.000000000000000000e+00
0.000000000000000000e+00,0.000000000000000000e+00
0.000000000000000000e+00,0.000000000000000000e+00
0.000000000000000000e+00,0.000000000000000000e+00
0.000000000000000000e+00,0.000000000000000000e+00
0.000000000000000000e+00,0.000000000000000000e+00
0.000000000000000000e+00,0.000000000000000000e+00
0.000000000000000000e+00,0.000000000000000000e+00
0.000000000000000000e+00,0.000000000000000000e+00
0.000000000000000000e+00,0.000000000000000000e+00
0.000000000000000000e+00,0.000000000000000000e+00
0.000000000000000000e+00,0.000000000000000000e+00
0.000000000000000000e+00,0.000000000000000000e+00
0.000000000000000000e+00,0.000000000000000000e+00
0.000000000000000000e+00,0.000000000000000000e+00
0.000000000000000000e+00,0.000000000000000000e+00
0.000000000000000000e+00,0.000000000000000000e+00
0.000000000000000000e+00,0.000000000000000000e+00
0.000000000000000000e+00,0.000000000000000000e+00
0.000000000000000000e+00,0.000000000000000000e+00
0.000000000000000000e+00,0.000000000000000000e+00
0.000000000000000000e+00,0.000000000000000000e+00
0.000000000000000000e+00,0.000000000000000000e+00
0.000000000000000000e+00,0.000000000000000000e+00
0.000000000000000000e+00,0.000000000000000000e+00
0.000000000000000000e+00,0.000000000000000000e+00
0.000000000000000000e+00,0.000000000000000000e+00
0.000000000000000000e+00,0.000000000000000000e+00
0.000000000000000000e+00,0.000000000000000000e+00
0.000000000000000000e+00,0.000000000000000000e+00
0.000000000000000000e+00,0.000000000000000000e+00
0.000000000000000000e+00,0.000000000000000000e+00
0.000000000000000000e+00,0.000000000000000000e+00
0.000000000000000000e+00,0.000000000000000000e+00
0.000000000000000000e+00,0.000000000000000000e+00
0.000000000000000000e+00,0.000000000000000000e+00
0.000000000000000000e+00,0.000000000000000000e+00
0.000000000000000000e+00,0.000000000000000000e+00
0.000000000000000000e+00,0.000000000000000000e+00
0.000000000000000000e+00,0.000000000000000000e+00
0.000000000000000000e+00,0.000000000000000000e+00
0.000000000000000000e+00,0.000000000000000000e+00
0.000000000000000000e+00,0.000000000000000000e+00
0.000000000000000000e+00,0.000000000000000000e+00
0.000000000000000000e+00,0.000000000000000000e+00
0.000000000000000000e+00,0.000000000000000000e+00
0.000000000000000000e+00,0.000000000000000000e+00
0.000000000000000000e+00,0.000000000000000000e+00
0.000000000000000000e+00,0.000000000000000000e+00
0.000000000000000000e+00,0.000000000000000000e+00
0.000000000000000000e+00,0.000000000000000000e+00
0.000000000000000000e+00,0.000000000000000000e+00
0.000000000000000000e+00,0.000000000000000000e+00
0.000000000000000000e+00,0.000000000000000000e+00
0.000000000000000000e+00,0.000000000000000000e+00
0.000000000000000000e+00,0.000000000000000000e+00
0.000000000000000000e+00,0.000000000000000000e+00
0.000000000000000000e+00,0.000000000000000000e+00
0.000000000000000000e+00,0.000000000000000000e+00
0.000000000000000000e+00,0.000000000000000000e+00
0.000000000000000000e+00,0.000000000000000000e+00
0.000000000000000000e+00,0.000000000000000000e+00
0.000000000000000000e+00,0.000000000000000000e+00
0.000000000000000000e+00,0.000000000000000000e+00
0.000000000000000000e+00,0.000000000000000000e+00
0.000000000000000000e+00,0.000000000000000000e+00
0.000000000000000000e+00,0.000000000000000000e+00
0.000000000000000000e+00,0.000000000000000000e+00
0.000000000000000000e+00,0.000000000000000000e+00
0.000000000000000000e+00,0.000000000000000000e+00
0.000000000000000000e+00,0.000000000000000000e+00
0.000000000000000000e+00,0.000000000000000000e+00
0.000000000000000000e+00,0.000000000000000000e+00
0.000000000000000000e+00,0.000000000000000000e+00
0.000000000000000000e+00,0.000000000000000000e+00
0.000000000000000000e+00,0.000000000000000000e+00
0.000000000000000000e+00,0.000000000000000000e+00
0.000000000000000000e+00,0.000000000000000000e+00
0.000000000000000000e+00,0.000000000000000000e+00
0.000000000000000000e+00,0.000000000000000000e+00
0.000000000000000000e+00,0.000000000000000000e+00
0.000000000000000000e+00,0.000000000000000000e+00
0.000000000000000000e+00,0.000000000000000000e+00
0.000000000000000000e+00,0.000000000000000000e+00
0.000000000000000000e+00,0.000000000000000000e+00
0.000000000000000000e+00,0.000000000000000000e+00
0.000000000000000000e+00,0.000000000000000000e+00
0.000000000000000000e+00,0.000000000000000000e+00
0.000000000000000000e+00,0.000000000000000000e+00
0.000000000000000000e+00,0.000000000000000000e+00
0.000000000000000000e+00,0.000000000000000000e+00
0.000000000000000000e+00,0.000000000000000000e+00
0.000000000000000000e+00,0.000000000000000000e+00
0.000000000000000000e+00,0.000000000000000000e+00
0.000000000000000000e+00,0.000000000000000000e+00
0.000000000000000000e+00,0.000000000000000000e+00
0.000000000000000000e+00,0.000000000000000000e+00
0.000000000000000000e+00,0.000000000000000000e+00
0.000000000000000000e+00,0.000000000000000000e+00
0.000000000000000000e+00,0.000000000000000000e+00
0.000000000000000000e+00,0.000000000000000000e+00
0.000000000000000000e+00,0.000000000000000000e+00
0.000000000000000000e+00,0.000000000000000000e+00
0.000000000000000000e+00,0.000000000000000000e+00
0.000000000000000000e+00,0.000000000000000000e+00
0.000000000000000000e+00,0.000000000000000000e+00
0.000000000000000000e+00,0.000000000000000000e+00
0.000000000000000000e+00,0.000000000000000000e+00
0.000000000000000000e+00,0.000000000000000000e+00
0.000000000000000000e+00,0.000000000000000000e+00
0.000000000000000000e+00,0.000000000000000000e+00
0.000000000000000000e+00,0.000000000000000000e+00
0.000000000000000000e+00,0.000000000000000000e+00
0.000000000000000000e+00,0.000000000000000000e+00
0.000000000000000000e+00,0.000000000000000000e+00
0.000000000000000000e+00,0.000000000000000000e+00
0.000000000000000000e+00,0.000000000000000000e+00
0.000000000000000000e+00,0.000000000000000000e+00
0.000000000000000000e+00,0.000000000000000000e+00
0.000000000000000000e+00,0.000000000000000000e+00
0.000000000000000000e+00,0.000000000000000000e+00
0.000000000000000000e+00,0.000000000000000000e+00
0.000000000000000000e+00,0.000000000000000000e+00
0.000000000000000000e+00,0.000000000000000000e+00
0.000000000000000000e+00,0.000000000000000000e+00
0.000000000000000000e+00,0.000000000000000000e+00
0.000000000000000000e+00,0.000000000000000000e+00
0.000000000000000000e+00,0.000000000000000000e+00
0.000000000000000000e+00,0.000000000000000000e+00
0.000000000000000000e+00,0.000000000000000000e+00
0.000000000000000000e+00,0.000000000000000000e+00
0.000000000000000000e+00,0.000000000000000000e+00
0.000000000000000000e+00,0.000000000000000000e+00
0.000000000000000000e+00,0.000000000000000000e+00
0.000000000000000000e+00,0.000000000000000000e+00
0.000000000000000000e+00,0.000000000000000000e+00
0.000000000000000000e+00,0.000000000000000000e+00
0.000000000000000000e+00,0.000000000000000000e+00
0.000000000000000000e+00,0.000000000000000000e+00
0.000000000000000000e+00,0.000000000000000000e+00
0.000000000000000000e+00,0.000000000000000000e+00
0.000000000000000000e+00,0.000000000000000000e+00
0.000000000000000000e+00,0.000000000000000000e+00
0.000000000000000000e+00,0.000000000000000000e+00
0.000000000000000000e+00,0.000000000000000000e+00
0.000000000000000000e+00,0.000000000000000000e+00
0.000000000000000000e+00,0.000000000000000000e+00
0.000000000000000000e+00,0.000000000000000000e+00
0.000000000000000000e+00,0.000000000000000000e+00
0.000000000000000000e+00,0.000000000000000000e+00
0.000000000000000000e+00,0.000000000000000000e+00
0.000000000000000000e+00,0.000000000000000000e+00
0.000000000000000000e+00,0.000000000000000000e+00
0.000000000000000000e+00,0.000000000000000000e+00
0.000000000000000000e+00,0.000000000000000000e+00
0.000000000000000000e+00,0.000000000000000000e+00
0.000000000000000000e+00,0.000000000000000000e+00
0.000000000000000000e+00,0.000000000000000000e+00
0.000000000000000000e+00,0.000000000000000000e+00
0.000000000000000000e+00,0.000000000000000000e+00
0.000000000000000000e+00,0.000000000000000000e+00
0.000000000000000000e+00,0.000000000000000000e+00
0.000000000000000000e+00,0.000000000000000000e+00
0.000000000000000000e+00,0.000000000000000000e+00
0.000000000000000000e+00,0.000000000000000000e+00
0.000000000000000000e+00,0.000000000000000000e+00
0.000000000000000000e+00,0.000000000000000000e+00
0.000000000000000000e+00,0.000000000000000000e+00
0.000000000000000000e+00,0.000000000000000000e+00
0.000000000000000000e+00,0.000000000000000000e+00
0.000000000000000000e+00,0.000000000000000000e+00
0.000000000000000000e+00,0.000000000000000000e+00
0.000000000000000000e+00,0.000000000000000000e+00
0.000000000000000000e+00,0.000000000000000000e+00
0.000000000000000000e+00,0.000000000000000000e+00
0.000000000000000000e+00,0.000000000000000000e+00
0.000000000000000000e+00,0.000000000000000000e+00
9.878866453078427441e-10,-3.057051479123095784e-09
-1.264727558367446485e-09,-3.095385436178544636e-09
4.569951494392854459e-09,-3.179303536344176045e-08
2.978732755067380975e-09,-1.151766193407460425e-08
4.129395435783275377e-09,-1.157685789199049391e-08
4.530203364225813466e-09,-9.871387902526633853e-09
4.784382986322691511e-09,-8.531487365137029108e-09
3.234248123836816033e-09,-6.288649596618784339e-09
-4.363239662572820448e-09,-3.168894530544972809e-08
-5.116967541959937628e-09,-1.249681181904605750e-08
-4.932012894017877689e-09,-9.722434718518375835e-09
-4.143206118528923273e-09,-7.655130323640720893e-09
-2.371347967680693033e-09,-1.067352079447796848e-08
4.670706408336035443e-10,-5.409041270441752744e-09
-4.670706408336036477e-10,-5.409041270441751090e-09
-3.703945960360745469e-09,-1.527757153528971228e-08
-2.444737112576449776e-09,-5.109034171266881962e-09
-5.115158291769305392e-09,-1.114267162636975241e-08
4.035965319812409612e-10,-2.965351772330321359e-09
-4.135716312719664560e-10,-3.137692526764515757e-09
-3.850733429538504872e-03,-2.513201888052281688e-02
3.850733429670446639e-03,-2.513201888134992609e-02
1.810161034433856332e-09,-2.983713809695360178e-09
-2.128953575857865371e-09,-3.183714851018095816e-09
-3.741975264153718679e-03,-2.508015325095837994e-02
3.741975264281719588e-03,-2.508015325178359484e-02
-3.951813285211782344e-03,-2.518412072969613072e-02
3.951813285347388280e-03,-2.518412073052512037e-02
-7.274515872410355323e-09,-1.465530155393091336e-08
-4.053949567763030434e-03,-2.523222921702198904e-02
4.053949567902382506e-03,-2.523222921785273423e-02
-3.659317908343307293e-03,-2.501445623942316968e-02
3.659317908468306697e-03,-2.501445624024599759e-02
2.311849380786448753e-09,-3.238382712745707357e-09
-1.238877732520877622e-10,-3.654179505473345893e-09
1.241083711462446744e-10,-3.656296258526853539e-09
4.160866510538828271e-03,-2.525864385735044140e-02
-4.160866510395545316e-03,-2.525864385651872129e-02
-2.454409667754376829e-11,-3.749920345658260404e-09
2.698474264403209817e-11,-3.751459446915057223e-09
-5.553923574603717429e-11,-3.771710962845774414e-09
5.585565958922391435e-11,-3.770741422242234626e-09
-7.680445554747876625e-09,-1.775033122920581496e-08
-7.029111992824326219e-09,-2.332612925286537902e-08
4.690293012853276919e-10,-3.723065977656435122e-09
-4.778091790146753733e-10,-3.752368880444250494e-09
4.267245461212858942e-03,-2.527846479894877915e-02
-4.267245461065676329e-03,-2.527846479811634434e-02
2.046695613616461825e-10,-3.752610662679710711e-09
-2.047796925555141230e-10,-3.753612483847654723e-09
5.995516524770800372e-09,-1.283239551550933774e-08
8.087349661942879683e-09,-1.616802673186288784e-08
7.745126963766509652e-09,-2.167902757360139165e-08
4.374794902473003945e-09,-2.173250864378939544e-08
4.373785549787152262e-03,-2.529095749917275454e-02
-4.373785549636080398e-03,-2.529095749833986176e-02
-4.480444390369770456e-03,-2.529899751752820447e-02
4.480444390524697743e-03,-2.529899751836138522e-02
2.626020912247300952e-09,-1.208980060887637460e-08
-3.190242565517536395e-10,-3.745040672153252062e-09
3.177293688446213487e-10,-3.740599827617232993e-09
4.588528956725067796e-03,-2.530411619597247586e-02
-4.588528956566326721e-03,-2.530411619513909735e-02
2.682869128788869871e-10,-2.566764587707968871e-09
-2.688178191291042529e-10,-2.566107364659256689e-09
-2.956886880460035019e-10,-3.139644883381654087e-09
2.935766015305134539e-10,-3.140626103840934735e-09
4.693225041075868922e-03,-2.530722774595247151e-02
-4.693225040913549112e-03,-2.530722774511898546e-02
4.797385043801795888e-03,-2.530954002881168063e-02
-4.797385043636035254e-03,-2.530954002797815294e-02
-2.281841895593372135e-09,-4.088905746331447352e-09
-4.446283736771658193e-09,-1.202482426411421542e-08
4.901227646034842997e-03,-2.531190948321879533e-02
-4.901227645865765571e-03,-2.531190948238519478e-02
-2.717810258684565966e-10,-1.628176352962410601e-09
-1.648139839765682861e-09,-2.993920421122999990e-09
-1.768234484864391417e-09,-2.813694232350290664e-09
-5.004955257766846230e-03,-2.531499888964211520e-02
5.004955257939149374e-03,-2.531499889047581289e-02
-2.333157397363560563e-10,-3.512254488369903797e-09
2.334195512453634439e-10,-3.510361865285648419e-09
2.880171800808833071e-09,-1.040863506335252091e-08
-5.108563500568852854e-03,-2.531917755661698341e-02
5.108563500744309725e-03,-2.531917755745079213e-02
3.661268654572719453e-03,-2.508196162448846772e-02
-3.661268654447652829e-03,-2.508196162366317303e-02
1.066368378897250918e-10,-1.186396860139975948e-09
5.419100251946154882e-10,-2.923690405999322179e-09
7.183328778451394429e-10,-3.029377240521185251e-09
-4.528855085261559822e-10,-3.121717877132223873e-09
-7.073596879158536061e-10,-3.131286744473999701e-09
-3.963308804653798909e-03,-2.525805621413596685e-02
3.963308804789828117e-03,-2.525805621496764186e-02
4.053007700607694997e-10,-3.452877299845253263e-09
-4.052779515563483239e-10,-3.464613383310804313e-09
5.213193839606683304e-03,-2.532608287259226557e-02
-5.213193839428088318e-03,-2.532608287175827297e-02
-3.769726260920074328e-03,-2.516312503940959511e-02
3.769726261049074437e-03,-2.516312504023783189e-02
3.879346717078392421e-03,-2.522100664263662168e-02
-3.879346716945415892e-03,-2.522100664180629975e-02
-5.407167455116264169e-03,-2.533888999725165958e-02
5.407167455300546446e-03,-2.533888999808602688e-02
5.316401096762189520e-03,-2.533709201060032473e-02
-5.316401096580557033e-03,-2.533709200976600948e-02
