Size 1253,2
2.531544440665671101e-04,0.000000000000000000e+00
-1.226247663487852954e-03,2.408799097061853497e-04
0.000000000000000000e+00,4.801753863035052722e-02
3.838697895537828753e-04,4.799035077407925315e-02
-2.477711839680965446e-04,0.000000000000000000e+00
1.226704225086920792e-03,2.324342576176523939e-04
0.000000000000000000e+00,4.764589075639381194e-02
-4.709947415823404816e-04,4.762498399005547778e-02
0.000000000000000000e+00,-1.195808842900552551e-03
0.000000000000000000e+00,-1.245713797814318371e-03
0.000000000000000000e+00,-1.223184478826929919e-03
2.671912293581457567e-03,1.251282488989579342e-03
3.641736878610271687e-04,-3.396906967477418267e-04
-1.927341606029005141e-03,8.944091605154155019e-04
-6.067046079206101297e-04,6.472391142099084046e-05
4.005387748746583950e-04,-4.496841664472040010e-05
-4.226818994966527270e-04,-5.365470793661908768e-05
-1.194096174046785676e-06,-2.123287746848961515e-06
0.000000000000000000e+00,2.172679085839350661e-03
0.000000000000000000e+00,3.877405080208906358e-03
0.000000000000000000e+00,6.974412801055365416e-03
0.000000000000000000e+00,1.227446197419117778e-02
0.000000000000000000e+00,2.033876985331020681e-02
0.000000000000000000e+00,2.904197487685316811e-02
0.000000000000000000e+00,3.663840306225785853e-02
0.000000000000000000e+00,4.244399594826598482e-02
0.000000000000000000e+00,4.619218843717030898e-02
0.000000000000000000e+00,4.787903060065537564e-02
0.000000000000000000e+00,4.852043938131158501e-02
0.000000000000000000e+00,4.873183056240314170e-02
0.000000000000000000e+00,4.873270136084778548e-02
0.000000000000000000e+00,4.831956520904754498e-02
5.878114199526602967e-06,4.788046501022807239e-02
9.250775753958039198e-06,4.773751957392460138e-02
1.807362354457002683e-05,4.757489337278743985e-02
5.103695877982853112e-05,4.737807694067362740e-02
1.090328178021976880e-04,4.714571413402041805e-02
2.087047902478293996e-04,4.689291933140435353e-02
3.521654517075217968e-04,4.662174822525146090e-02
5.405303452733914785e-04,4.634659850128445419e-02
7.730753642981149157e-04,4.607735984299338866e-02
1.050776108827108576e-03,4.581948923256710937e-02
1.366715910269108037e-03,4.557228869118678388e-02
1.721127798100207046e-03,4.533988780131796570e-02
2.111873495536436759e-03,4.512270426631224962e-02
2.536091724215897188e-03,4.492198905987372648e-02
2.991262940225118856e-03,4.473956594159340938e-02
3.473203754107508871e-03,4.457565426707069123e-02
3.979385576345740444e-03,4.443114957583945562e-02
4.508630473898617846e-03,4.430388618411791601e-02
5.060240343190238951e-03,4.419337036158828974e-02
5.630717549037886696e-03,4.409991867974292351e-02
6.218777761227571414e-03,4.402330596882822467e-02
6.828542700606699337e-03,4.395895636130257855e-02
7.450766835729933334e-03,4.390817710150236169e-02
8.088791772276657244e-03,4.386880388036153849e-02
8.739536508674611986e-03,4.383811965100941482e-02
9.402627155824556590e-03,4.381274932356844787e-02
1.007792141304452924e-02,4.379130868673577343e-02
1.076611954214585880e-02,4.377087959633199632e-02
1.146339659502038956e-02,4.375234626476155048e-02
1.217150680073308261e-02,4.373332975171243669e-02
1.288942955134656301e-02,4.371367993638392013e-02
1.361867109348276726e-02,4.369410161371403700e-02
1.436133299694485922e-02,4.367262985444414491e-02
1.511827933420551578e-02,4.365116928422214243e-02
1.589257040186807524e-02,4.363041707776389722e-02
1.668207388965918872e-02,4.361067714309921350e-02
1.748791882168391001e-02,4.359216645385240868e-02
1.830967205364937567e-02,4.357495675226338155e-02
1.914540963191785350e-02,4.356181068998152967e-02
1.999328951453382616e-02,4.355090388297964271e-02
2.084721110306235123e-02,4.354612790444846449e-02
2.170155526718239858e-02,4.354546272148703684e-02
2.255445998882545447e-02,4.354805931101488753e-02
2.340217589601203615e-02,4.355845794713544133e-02
2.423991502665587966e-02,4.360003962245959791e-02
2.483747636186521904e-02,4.394046234667325912e-02
2.413844318759212834e-02,4.438751701944502331e-02
2.335428656596367711e-02,4.469064724596617799e-02
2.253964083286940159e-02,4.493216165566545767e-02
2.170922373314599155e-02,4.512855575016069820e-02
2.087072400737920511e-02,4.528745138824957078e-02
2.002657283246780592e-02,4.541699950153314097e-02
1.918757917666987986e-02,4.552091616302348515e-02
1.835687809368196505e-02,4.560234791240581897e-02
1.753955311519286853e-02,4.566745865622443001e-02
1.673474545409923270e-02,4.571827791362586407e-02
1.594589698710916284e-02,4.575831306329723042e-02
1.517380986303783902e-02,4.578763440109012012e-02
1.441529070206427551e-02,4.580901495383363914e-02
1.367075913457279322e-02,4.582459709364111733e-02
1.293947964555775508e-02,4.583590943972488257e-02
1.222085375148783230e-02,4.584774313046911104e-02
1.151287836801533765e-02,4.586212886889703272e-02
1.081514458126201644e-02,4.588043962524283870e-02
1.012811072500774054e-02,4.590386128004785710e-02
9.453564104836446186e-03,4.593185493901551231e-02
8.791381011030979103e-03,4.596720700469246468e-02
8.142204181070434796e-03,4.600999046438679352e-02
7.507618914517400800e-03,4.606047942262097433e-02
6.886187714801736241e-03,4.611702411639832799e-02
6.282664048945851148e-03,4.618001580099294345e-02
5.696158401625325655e-03,4.624871571241360307e-02
5.129383333529699898e-03,4.632423755443682012e-02
4.583390244713634459e-03,4.640937072679856418e-02
4.059301103435527906e-03,4.650467283162175447e-02
3.558005120010864462e-03,4.661099080442324821e-02
3.083352947829925798e-03,4.672952044179461834e-02
2.636883483553376616e-03,4.685980248155752204e-02
2.221247280797146364e-03,4.700108537377011703e-02
1.841445133365660677e-03,4.715188302393151509e-02
1.501148605185171833e-03,4.731463599881188115e-02
1.196491884775266338e-03,4.747511116315481644e-02
9.390371787528829263e-04,4.763395644650213201e-02
7.158760482007085627e-04,4.777334713639759534e-02
5.302388456051222070e-04,4.788037349088267169e-02
-1.542695937303929961e-03,2.276598478250944826e-03
-1.677068103402159539e-03,4.086884660780727707e-03
-1.786227335736970600e-03,7.240911448008065590e-03
-1.731558507846985180e-03,1.253979994828175945e-02
-1.509519859492907800e-03,2.054555426499098114e-02
-1.202570183413912124e-03,2.921645742093197454e-02
-8.326679881994189297e-04,3.676855442830734289e-02
-5.775101304420902264e-04,4.252160051386704581e-02
-3.858334077778375151e-04,4.620449389954374431e-02
-2.153612447396257960e-04,4.786537641351577138e-02
-1.004868553966162373e-04,4.850795012768163023e-02
-2.768815179887928641e-05,4.872756363373242916e-02
3.875797232891843206e-05,4.873805549191947278e-02
1.547598821561148666e-04,4.833478620525019642e-02
0.000000000000000000e+00,2.199301549582572887e-03
0.000000000000000000e+00,3.940489250599234217e-03
0.000000000000000000e+00,7.117991651980659293e-03
0.000000000000000000e+00,1.259634056182087208e-02
0.000000000000000000e+00,2.095613851756389368e-02
0.000000000000000000e+00,3.000200653661982270e-02
0.000000000000000000e+00,3.788594188764557447e-02
0.000000000000000000e+00,4.399297614343958274e-02
0.000000000000000000e+00,4.787244916616291424e-02
0.000000000000000000e+00,4.951794596325827941e-02
0.000000000000000000e+00,4.995680134628949220e-02
0.000000000000000000e+00,4.980214283129200115e-02
0.000000000000000000e+00,4.911590856182160292e-02
0.000000000000000000e+00,4.808441285893000350e-02
-2.063868304332580261e-05,4.749864470531332816e-02
-3.998577719631683601e-05,4.734326358763289722e-02
-6.458276362923936337e-05,4.717224568348184210e-02
-1.069449713977583313e-04,4.697631045180546833e-02
-1.713685092145634224e-04,4.675327575930404711e-02
-2.729720087729082503e-04,4.651544724554911719e-02
-4.097805865585914622e-04,4.626752014628196519e-02
-5.826125102233054845e-04,4.601876168841170095e-02
-7.940595321086433428e-04,4.577464253521239257e-02
-1.043087440405562763e-03,4.554096967572893867e-02
-1.325946556598066187e-03,4.531733420793045836e-02
-1.641746557763485272e-03,4.510404094972510908e-02
-1.990114020702526357e-03,4.490097061372159276e-02
-2.371308735255899924e-03,4.470827837319554104e-02
-2.785867847653038937e-03,4.452882166991230933e-02
-3.231383649686210210e-03,4.436237097538951735e-02
-3.708620373087388386e-03,4.421284081712237995e-02
-4.214091642515236866e-03,4.407834155851118180e-02
-4.747459714734390476e-03,4.396011269642524644e-02
-5.303230211179687376e-03,4.385923918837345004e-02
-5.880263352499593907e-03,4.377506065175185840e-02
-6.483951983639741658e-03,4.370193600422776770e-02
-7.104777930083032780e-03,4.364291983910930511e-02
-7.746812538982268161e-03,4.359485158295241941e-02
-8.407229754019342194e-03,4.355674972751065466e-02
-9.085248723884461683e-03,4.352594824365701998e-02
-9.781053386118817097e-03,4.349806609169663829e-02
-1.049397539506209502e-02,4.347169747157614977e-02
-1.122164317979008896e-02,4.344675511362046383e-02
-1.196438479544279301e-02,4.342301129891727035e-02
-1.272161793472327725e-02,4.339924156775015751e-02
-1.349220081425488507e-02,4.337768447456843285e-02
-1.427596146417580911e-02,4.335574130487932637e-02
-1.507490809591073219e-02,4.333489294343047249e-02
-1.588767302217209895e-02,4.331636449032237601e-02
-1.671062726243656774e-02,4.330031386764104234e-02
-1.754261995206416944e-02,4.328643946450447949e-02
-1.838162145070179262e-02,4.327342177412921154e-02
-1.922720921869320795e-02,4.326171673249561145e-02
-2.007989554352187372e-02,4.325015699647530298e-02
-2.093954088672586589e-02,4.324073728883617851e-02
-2.180566929539300147e-02,4.323312799299438430e-02
-2.267920224741493476e-02,4.322768380657404652e-02
-2.355517775095430921e-02,4.323236838556491352e-02
-2.442743093270375795e-02,4.327166150499145436e-02
-2.505216922880375285e-02,4.362598878896182392e-02
-2.432108855363123573e-02,4.409279275686178723e-02
-2.350473953411680653e-02,4.440510402062571721e-02
-2.266283474845033272e-02,4.465117666965420090e-02
-2.181285326399272362e-02,4.484827387112478442e-02
-2.096132689874129207e-02,4.500748238746510310e-02
-2.011154896387106275e-02,4.513840974817837776e-02
-1.926699524232394420e-02,4.524892239737142441e-02
-1.842627770794912079e-02,4.534210537850348610e-02
-1.759110344876569504e-02,4.542026058896906499e-02
-1.676156148640078197e-02,4.548417496325035669e-02
-1.594015574898249160e-02,4.553603839232261974e-02
-1.513064601267321251e-02,4.557515755392167744e-02
-1.433189679608118904e-02,4.560311371015945275e-02
-1.354666035651349784e-02,4.562059146717371838e-02
-1.277528129389711442e-02,4.563171116144092848e-02
-1.201767057124237745e-02,4.564042723440635968e-02
-1.127535083463978779e-02,4.565030634889307576e-02
-1.054643167516855669e-02,4.566143671585140562e-02
-9.834308577787458441e-03,4.567730862048357404e-02
-9.139703901359137392e-03,4.569781206725390815e-02
-8.462440143680470192e-03,4.572576254042601956e-02
-7.801687819544141610e-03,4.576046840783253716e-02
-7.161056822891115337e-03,4.580201832526540479e-02
-6.540085244680094063e-03,4.585018171514722990e-02
-5.941750882439660389e-03,4.590449674578313960e-02
-5.364673184008719210e-03,4.596477331403266836e-02
-4.810985376878029914e-03,4.603037587312808210e-02
-4.281866842796881387e-03,4.610267491458287792e-02
-3.780253435085497923e-03,4.618437553318995720e-02
-3.309035089178466362e-03,4.627519251601172612e-02
-2.870601209315939983e-03,4.637662056589927917e-02
-2.465568117557511915e-03,4.649047397000651699e-02
-2.094989728932504427e-03,4.661775935324462966e-02
-1.758156690397326850e-03,4.675844432813760360e-02
-1.455837876523718814e-03,4.690774050441793436e-02
-1.188639300401680759e-03,4.706360296121404191e-02
-9.627277185037322327e-04,4.722242376659863822e-02
-7.675401256780555685e-04,4.737146936260539648e-02
-6.057286716673454790e-04,4.750240499988195308e-02
1.572828773893061470e-03,2.309597372555774464e-03
1.716776491536479207e-03,4.155093138161421867e-03
1.839783874109295145e-03,7.393619822608204356e-03
1.792142102097521450e-03,1.287145712166907693e-02
1.567013881920178943e-03,2.117085780196563405e-02
1.248847405693758730e-03,3.018300914962852854e-02
8.697485922869153084e-04,3.802190843984944862e-02
6.037065604230168817e-04,4.407399121909643530e-02
3.917695548038851072e-04,4.788471325136205853e-02
1.919275580082611737e-04,4.950418213503138265e-02
3.308401789446836799e-05,4.994779111724084036e-02
-8.840853581378099659e-05,4.980790278873732657e-02
-1.612512872370017939e-04,4.913634625798189715e-02
-2.552418086324051406e-04,4.811074037790056407e-02
0.000000000000000000e+00,-1.213492369403090408e-03
0.000000000000000000e+00,-1.214525438603003896e-03
0.000000000000000000e+00,-1.216962697140315346e-03
0.000000000000000000e+00,-1.219025552483796876e-03
0.000000000000000000e+00,-1.221571243917508875e-03
0.000000000000000000e+00,-1.223023220314361104e-03
0.000000000000000000e+00,-1.221478501866035292e-03
0.000000000000000000e+00,-1.219119204396390283e-03
0.000000000000000000e+00,-1.217028413094326531e-03
0.000000000000000000e+00,-1.214542111938732034e-03
0.000000000000000000e+00,-1.211511337325598845e-03
0.000000000000000000e+00,-1.220878430364180818e-03
2.769539492187593314e-03,3.727292870207119576e-03
2.783472931548798979e-03,6.449862528638826073e-03
2.715632934733711815e-03,9.460825104857160245e-03
2.519797001047383803e-03,1.262078194013238445e-02
2.266795799536608196e-03,1.588461290798372227e-02
1.957834649990438519e-03,1.921390206237393733e-02
1.581848873208673619e-03,2.258797684639626824e-02
1.136147337565210705e-03,2.599630107294552753e-02
6.210908005263224545e-04,2.941788190480014442e-02
4.603714034222042262e-05,3.282290019487512506e-02
-5.760776635464609757e-04,3.616398396803081894e-02
-1.222210624709637802e-03,3.936122074692703643e-02
-1.858193693726973173e-03,4.234088716336919384e-02
-2.459097847194575276e-03,4.507030290848893644e-02
-3.016221539151448233e-03,4.759166013940174800e-02
-3.556187238622741508e-03,5.000593762260092251e-02
-4.157072553591877571e-03,5.238271815831849199e-02
-4.187645890015414922e-03,5.064555869055469006e-02
-3.902180521392598252e-03,4.820113329775507771e-02
-3.613610929740477054e-03,4.567825588569755096e-02
-3.330253193978453558e-03,4.296780844412060457e-02
-3.041650313193361779e-03,4.000755682278502035e-02
-2.744901571411129029e-03,3.681586919735596597e-02
-2.447201694598544457e-03,3.346109768952481439e-02
-2.161979651901232719e-03,3.002864563542075038e-02
-1.905351725537566447e-03,2.657652954366699488e-02
-1.680782874862122222e-03,2.313840785147282600e-02
-1.482526341307583177e-03,1.973906364844399408e-02
-1.296001112143746296e-03,1.638744034936042218e-02
-1.102089666615080517e-03,1.310310957730992550e-02
-8.882791727510164648e-04,9.896234826013414199e-03
-5.965055578111174957e-04,6.876148312346114580e-03
-2.708782429399238787e-04,4.093012971115868315e-03
8.981582796513942204e-05,1.654633963466873746e-03
-2.073943875213221742e-03,2.409336624364023793e-03
-2.190961079384198384e-03,4.262335477364072658e-03
-2.249364997561531000e-03,6.500738137821201329e-03
-2.148178790098001934e-03,8.968938734413844927e-03
-1.986901666097752161e-03,1.161232657215972332e-02
-1.769581835427260245e-03,1.438891819122316458e-02
-1.487367494563738776e-03,1.728292920927287576e-02
-1.130854258962519111e-03,2.029147288833994117e-02
-6.999362906871366488e-04,2.340274654029535217e-02
-2.032577345938737221e-04,2.660361669315447486e-02
3.506188889500470602e-04,2.989927544396045120e-02
9.576270817701687185e-04,3.327242575220747817e-02
1.609467828929305681e-03,3.671216993309955878e-02
2.300604667282226800e-03,4.019592314475693012e-02
3.025028849910064987e-03,4.372358934263465696e-02
3.798307579568679839e-03,4.727691292993873445e-02
4.684953120582655353e-03,5.081773498479416618e-02
4.736377525926310263e-03,4.822749484046433277e-02
4.310326187958258941e-03,4.460935336299739346e-02
3.859603562575416452e-03,4.102329013591955037e-02
3.408478416471218131e-03,3.748633385404809282e-02
2.974073589821068109e-03,3.399482733287879921e-02
2.568556339162999386e-03,3.056844162880371918e-02
2.202471315205670709e-03,2.722032505324332649e-02
1.876650707645223341e-03,2.397019072178916202e-02
1.595280840729185841e-03,2.081515889702165514e-02
1.351598436808940660e-03,1.776556572740518522e-02
1.138250491239215694e-03,1.483455995213625242e-02
9.418253887498224562e-04,1.202794010846469641e-02
7.432128995552948758e-04,9.353806398455392912e-03
5.342608938111299789e-04,6.819232629527497563e-03
2.332860301513665945e-04,4.570672083034131236e-03
-8.302198081071507905e-05,2.643698361726467671e-03
-4.133015323639198531e-04,1.132003011587534884e-03
5.300925635761438888e-04,-4.244102816315915800e-05
6.942383940917093692e-04,-2.525966347905040009e-05
8.890196634912460013e-04,1.011886048200278866e-05
1.085560095830333206e-03,7.111827366724814343e-05
1.207262013784270345e-03,1.731228254066999935e-04
-1.674502212903094861e-04,0.000000000000000000e+00
-1.376731456568633827e-04,0.000000000000000000e+00
-1.050187594793401658e-04,0.000000000000000000e+00
-6.781042840777675872e-05,0.000000000000000000e+00
-3.997849973360930717e-05,0.000000000000000000e+00
-2.851340809272946960e-05,0.000000000000000000e+00
-2.229358107519508985e-05,0.000000000000000000e+00
-1.018806860949376756e-05,0.000000000000000000e+00
-5.257173735947340443e-07,0.000000000000000000e+00
1.503506411116373252e-05,0.000000000000000000e+00
3.249722191295351874e-05,0.000000000000000000e+00
4.645719526972456317e-05,0.000000000000000000e+00
6.152006547240802001e-05,0.000000000000000000e+00
8.606697965772672513e-05,0.000000000000000000e+00
1.223314669991315226e-04,0.000000000000000000e+00
1.557227910078101804e-04,0.000000000000000000e+00
1.831224433063001423e-04,0.000000000000000000e+00
-1.255202803811455515e-03,1.916332897718328035e-04
-1.157367041478093387e-03,8.048920844496496431e-05
-9.524484972367995312e-04,7.697593414397906259e-06
-7.413927744969674334e-04,-3.487448288796106801e-05
-5.697617054812775719e-04,-5.070501431499432258e-05
2.975537143604457205e-03,9.180355364932745984e-04
-2.738313668504744106e-04,-1.319109526503953666e-03
-4.926725945896898639e-04,-1.872659267183316312e-03
-4.493011069497448366e-04,-2.062839864032451394e-03
-2.728420698485673336e-04,-1.948531701552963383e-03
-8.171398950739512473e-05,-1.607679158396567443e-03
-1.619156933324193944e-05,-1.084619090905885024e-03
-7.356948009832032468e-05,-9.032869833430335173e-04
-1.609069401294973298e-04,-7.441407823222522411e-04
-2.365780504789209400e-04,-6.192243284346554818e-04
-3.234053330143791725e-04,-4.105563266367630651e-04
-5.426109065591887314e-04,8.115684605787286995e-05
9.234880954328603499e-07,-1.224082749166757553e-06
4.502950354852029626e-06,-1.920528625976986483e-06
5.724778080969816214e-06,-2.051819384162864955e-06
7.884154728859397020e-06,-2.271676025970630675e-06
1.101354064161901933e-05,-1.608328200698687976e-06
1.365586406274118290e-05,-1.613093120905909879e-06
1.667804502920463045e-05,-1.105109311665400512e-06
1.973974955281289270e-05,-1.533577175334366383e-06
2.162058806753913579e-05,-2.302317619225768616e-06
2.398762493993516804e-05,-3.204630371363041225e-06
2.632844495332260616e-05,-4.310322271374146363e-06
2.976886896791267493e-05,-4.491205185133801504e-06
3.326253357459959138e-05,-6.001865252701786098e-06
3.548512503270968008e-05,-5.530783862480815458e-06
3.946004814075850837e-05,-4.598780175857146199e-06
4.279846832525711393e-05,-5.375261346654395828e-06
4.494224091702970445e-05,-4.862227238868011124e-06
4.865431030092912893e-05,-3.136511828644385483e-06
5.212226627143748913e-05,-2.554775668486111699e-06
5.567825981377909074e-05,-2.348770107114132977e-06
5.859237898090948420e-05,-2.778699424332279797e-06
6.058899295001855053e-05,-5.142923739926396713e-06
6.334728050990164484e-05,-7.023650349765504729e-06
6.483301417644764817e-05,-7.723099483115241097e-06
6.752724939444952861e-05,-9.086297374397337800e-06
6.884362116408822892e-05,-1.162228095911067560e-05
7.017526532312195087e-05,-1.373672023742563041e-05
7.163753999806806274e-05,-1.575316867603860404e-05
7.213677471744141842e-05,-1.823151140085038690e-05
7.359047137758660019e-05,-2.042248431051167627e-05
7.476077012564353664e-05,-2.458625661219933240e-05
7.551806186593172058e-05,-2.991457584098741032e-05
7.606815223323089466e-05,-3.692993093281260637e-05
7.482391619246172589e-05,-4.316660835989104787e-05
7.443701722818233323e-05,-5.084222222863844407e-05
7.371868092236034085e-05,-5.968753832293356557e-05
7.182815784469799613e-05,-6.828542489059037733e-05
6.816459955255557192e-05,-7.780359417647935371e-05
6.320813881994483303e-05,-8.760114578044929357e-05
5.678629270471340101e-05,-9.802287837984255306e-05
4.716274135540267874e-05,-1.075439130009277460e-04
3.588355654628624496e-05,-1.161619852013639863e-04
2.222536952742335125e-05,-1.232085907410445454e-04
7.986604883463681862e-06,-1.315051303643478928e-04
-7.663000324826736403e-06,-1.438278313281193984e-04
-2.610987305132429954e-05,-1.540640980332121980e-04
-4.759432111850419542e-05,-1.656368775770923054e-04
-7.242927465779129591e-05,-1.749599462150656947e-04
-9.962733527001628518e-05,-1.840696035597933465e-04
-1.293470779250158664e-04,-1.892630477772450851e-04
-1.630784451003920222e-04,-1.919905289230078055e-04
-1.981159794945771993e-04,-1.957250290872093398e-04
-2.343871897564054035e-04,-1.939355582595499487e-04
-2.733951958130724697e-04,-1.919001297614972041e-04
-3.121432546566248580e-04,-1.893790226837451722e-04
-3.544667965215768900e-04,-1.841872387464454821e-04
-3.969117313531470514e-04,-1.790681652657170192e-04
-4.408111267906332140e-04,-1.727488395112024104e-04
-4.854398530797822148e-04,-1.631486567523098474e-04
-5.334185418623575226e-04,-1.539940712702325980e-04
-5.818141371620647430e-04,-1.454292510670496979e-04
-6.307011199642814604e-04,-1.362822369099319329e-04
-6.818486106719727144e-04,-1.208707791313105888e-04
-7.333494456106179598e-04,-1.031252827875866546e-04
-7.838304368666142901e-04,-8.589145642263056068e-05
-8.324639917066287923e-04,-6.841683277309374670e-05
-8.794549070812822649e-04,-5.092389037741230912e-05
-9.260439033807235090e-04,-3.328346882028395835e-05
-9.737139308901859728e-04,-1.421053753342952049e-05
-1.021934736715749987e-03,6.201758630014410282e-06
-1.065736089848707754e-03,2.334151210386442297e-05
-1.106843665185648683e-03,4.220738504397360442e-05
-1.144933044803513869e-03,6.265518925545808212e-05
-1.178532231467505033e-03,8.462272166947918447e-05
-1.208171036946780342e-03,1.075699511773356388e-04
-1.235684645803036179e-03,1.311569428602480227e-04
-1.261544085929357456e-03,1.547367952496948623e-04
-1.248400062717505872e-03,1.780249417469095558e-04
-1.229630652592365566e-03,2.064527802577415362e-04
-1.207887186123931741e-03,2.377770889594701313e-04
-1.166944107309648418e-03,2.728910224407541567e-04
-1.108437210363571492e-03,3.087877421324090573e-04
-1.032457760331504434e-03,3.397578197855600124e-04
-9.341245698174749324e-04,3.702266047794307204e-04
-8.250025718818206804e-04,3.966135239373525748e-04
-6.965719510222182203e-04,4.184052164561652778e-04
-5.583551390994181442e-04,4.318395873535682311e-04
-4.193414650432701098e-04,4.416391040937376624e-04
-2.769315688192794476e-04,4.515251091417358349e-04
-1.388553971160234803e-04,4.643677028460825302e-04
-1.444744698846086018e-06,4.789910392283531593e-04
1.346565996606221898e-04,4.967574591416037662e-04
2.708853788139189869e-04,5.167316142637394657e-04
4.064726713131864709e-04,5.391457887467086688e-04
5.427737685655616455e-04,5.635532303568568024e-04
6.780344525893230003e-04,5.903398669855983855e-04
8.132505233439959146e-04,6.195488166407310971e-04
9.480677995938916695e-04,6.515233041224367501e-04
1.082937843666024807e-03,6.847684022551307759e-04
1.216843335606858497e-03,7.213284685452978594e-04
1.350392021459613989e-03,7.590646892009888635e-04
1.483730010703636273e-03,8.000203191032619629e-04
1.616862485040643227e-03,8.418569155517486571e-04
1.749405482100651818e-03,8.856966572874587799e-04
1.881344016486765150e-03,9.298050439598645224e-04
2.013560205860706262e-03,9.737375339299710010e-04
2.144861396473284835e-03,1.017510669945637927e-03
2.275827556245895496e-03,1.057792353913420596e-03
2.404960823251746545e-03,1.092033551817459197e-03
2.530528728279413109e-03,1.116784939686699769e-03
2.646836070288428357e-03,1.127782948797492746e-03
2.747489676995129321e-03,1.124780586980311933e-03
2.825149137764788616e-03,1.111852461515895141e-03
2.877207030882553574e-03,1.097649504977300230e-03
2.910042377958580936e-03,1.088301502304899132e-03
2.918786411612936914e-03,1.060516343010008697e-03
2.924707170149532399e-03,1.004226312873909496e-03
2.906907723008497063e-03,9.196205171890992807e-04
2.882938283650317464e-03,8.350544098502236424e-04
2.813844531247465530e-03,6.773239313518018530e-04
2.684969474824167555e-03,5.033074072183483811e-04
2.540851580586298876e-03,3.081059636028560147e-04
2.337583186276441169e-03,1.138478361737898592e-04
2.124090092383927684e-03,-7.231070764938772729e-05
1.901336951376126532e-03,-2.466506980938284088e-04
1.683208956609128990e-03,-4.122555742086686666e-04
1.468947751614115092e-03,-5.742635297053394743e-04
1.259770779168771938e-03,-7.256403673307531069e-04
1.053928781652013931e-03,-8.763972497217013304e-04
8.552639185437344417e-04,-1.011057874896548756e-03
6.850676328142130643e-04,-1.132393637937231671e-03
5.361641479826356922e-04,-1.247420893073037350e-03
3.942691551653603127e-04,-1.358862129940412123e-03
2.753318403739530673e-04,-1.458397777496531732e-03
1.601333310318513918e-04,-1.545892770663122610e-03
5.846143228243269054e-05,-1.631480064731895881e-03
-3.246423394154351156e-05,-1.705914222904430805e-03
-1.046563165771218802e-04,-1.771542081941608745e-03
-1.737450626269931885e-04,-1.831516652802316156e-03
-2.327112939025561839e-04,-1.888465340041311060e-03
-2.830229265866863542e-04,-1.932404565116660261e-03
-3.277575377443711396e-04,-1.968525724746010650e-03
-3.669307917636338893e-04,-1.996485787350983990e-03
-3.920347394121033576e-04,-2.017142053188871256e-03
-4.158865548331795855e-04,-2.033461203254358519e-03
-4.300658992064819897e-04,-2.044563568146479191e-03
-4.408279453454078296e-04,-2.046955133842660521e-03
-4.494034916719699766e-04,-2.042791079907264364e-03
-4.538597322238905490e-04,-2.030815586109048498e-03
-4.519131181761495519e-04,-2.013750794882354731e-03
-4.452630539909509743e-04,-1.991921256420426788e-03
-4.386322072022396843e-04,-1.964199569065157216e-03
-4.281042559581318117e-04,-1.933638620754889008e-03
-4.156004064077136535e-04,-1.894308387874507615e-03
-4.008228725161370369e-04,-1.848810050490512589e-03
-3.834035961686847196e-04,-1.800261289892839166e-03
-3.622244714684943112e-04,-1.748791159534049573e-03
-3.414912751183386201e-04,-1.695951755996355590e-03
-3.184673131268581678e-04,-1.641294602976600464e-03
-2.946916764589600020e-04,-1.585609621762622268e-03
-2.711649513387459610e-04,-1.530091767714652617e-03
-2.479651554021494839e-04,-1.473555083739306161e-03
-2.245477328734431558e-04,-1.418239051549537817e-03
-1.989643460600923266e-04,-1.368662204890755928e-03
-1.726137776065373569e-04,-1.319898660006606347e-03
-1.438019439481716768e-04,-1.282783012482862197e-03
-1.171126551527169077e-04,-1.254132253987719128e-03
-8.795964646673218583e-05,-1.234058326389568484e-03
-6.879665606346730235e-05,-1.224380616118446148e-03
-5.210669279359461962e-05,-1.218355500705472485e-03
-4.128492748587619346e-05,-1.216634879887319330e-03
-3.486129750564054920e-05,-1.214116709866136252e-03
-3.037700543266890624e-05,-1.210707836041568976e-03
-2.737807231531540217e-05,-1.207492685626476280e-03
-2.449787475765387843e-05,-1.208395874402095563e-03
-2.246028750573924950e-05,-1.207914094590647417e-03
-2.129259159029734102e-05,-1.207434940650480969e-03
-2.064908413157020176e-05,-1.206940319053809293e-03
-2.047633317824190479e-05,-1.206440024586077561e-03
-2.068609490484977158e-05,-1.205968773939730633e-03
-2.117810040995348703e-05,-1.204424835544581603e-03
-2.261295231882471976e-05,-1.202613583368612477e-03
-2.535840269948513040e-05,-1.200273102537561089e-03
-2.997989940507984403e-05,-1.196621278278936712e-03
-3.633937743059750998e-05,-1.190937077082801498e-03
-4.372462918736353624e-05,-1.182947972001117129e-03
-5.181612576112419100e-05,-1.173918128355831312e-03
-5.985710737839466163e-05,-1.163730097036674242e-03
-6.806741728616769399e-05,-1.145776162389810409e-03
-7.703367451441097910e-05,-1.127656254163968835e-03
-8.649138834193550887e-05,-1.109273735352308155e-03
-9.765874143916969613e-05,-1.088867075961637244e-03
-1.103162957825888028e-04,-1.066567941387276544e-03
-1.223348975062580994e-04,-1.041350085217416805e-03
-1.346240198013112430e-04,-1.015083050794728190e-03
-1.478487282022706846e-04,-9.880164548034331765e-04
-1.593990550530518895e-04,-9.620438339241714617e-04
-1.705032691534670282e-04,-9.353911788747903489e-04
-1.813060949713431831e-04,-9.089974032170307664e-04
-1.927259056517689740e-04,-8.836648005183957546e-04
-2.042426219568796756e-04,-8.589572547788426994e-04
-2.157784854797044176e-04,-8.347069414044495667e-04
-2.273747324287211024e-04,-8.108183834046900915e-04
-2.382024822990449066e-04,-7.880809572867557549e-04
-2.496245374892443495e-04,-7.666300565630909322e-04
-2.619447237009955181e-04,-7.452820943034717130e-04
-2.744937977020180499e-04,-7.274060806936921740e-04
-2.878845405241103037e-04,-7.098079790015394660e-04
-3.018846046149017493e-04,-6.921335873388942579e-04
-3.175368835096659169e-04,-6.750469785655253789e-04
-3.337859413394905859e-04,-6.571141534163656411e-04
-3.525537194121961264e-04,-6.379167695362961046e-04
-3.746684951251542397e-04,-6.158543071841475740e-04
-4.029998752131134306e-04,-5.929597354919726631e-04
-4.331087267235622152e-04,-5.687411054804930415e-04
-4.738078415986897982e-04,-5.402627270648214467e-04
-5.211576858867194477e-04,-5.088340972501657119e-04
-5.744100166807860090e-04,-4.738468070332469686e-04
-6.347980644077856399e-04,-4.298185469762079761e-04
-7.069064922909156987e-04,-3.839453670440967875e-04
-7.843350653764330450e-04,-3.313458326175752343e-04
-8.772923124440563068e-04,-2.764575950500005653e-04
-9.891945696673570040e-04,-2.113409309997460114e-04
-1.103602101111170403e-03,-1.355488335772391190e-04
-1.217598053957787098e-03,-5.719281972543526665e-05
-1.334919081592509825e-03,3.696465427284542236e-05
-1.442728555278302181e-03,1.262219411907468771e-04
-1.558136041646174686e-03,2.298727457955465462e-04
-1.679934725259857060e-03,3.566141135903245899e-04
-1.765725396792686488e-03,4.595047225551746658e-04
-1.822323155788551372e-03,5.646897302672765004e-04
-1.841549437951451413e-03,6.634180714642484017e-04
-1.824650172129649653e-03,7.425550001643800059e-04
-1.783950090229256434e-03,7.932421991276112022e-04
-1.730411725541528391e-03,8.171676007021631870e-04
-1.674047746521439188e-03,8.200275283968814534e-04
-1.616178694215446646e-03,8.098723513710535645e-04
-1.558878086958164497e-03,7.902145474999809193e-04
-1.503058447131006090e-03,7.653736160993583441e-04
-1.448244090867291996e-03,7.376108541941487707e-04
-1.392766845996691247e-03,7.081600508326493923e-04
-1.338688204653120826e-03,6.777376791105439290e-04
-1.284829376560864007e-03,6.471010010442064661e-04
-1.230464954694839366e-03,6.169027560887032670e-04
-1.175516247038072004e-03,5.869107131924196754e-04
-1.120430586742759580e-03,5.580217244184509148e-04
-1.065692002550787734e-03,5.308120473362864470e-04
-1.010776990563917689e-03,5.052939013242354910e-04
-9.539732533022457104e-04,4.809622409417154527e-04
-8.978806051695267841e-04,4.584346468124669990e-04
-8.401885647443903173e-04,4.385486081600559823e-04
-7.817891378402297550e-04,4.210541770699820197e-04
-7.220682335037634974e-04,4.074634476316113009e-04
-6.582650088227588216e-04,3.982083856590519955e-04
-5.891380414916794596e-04,3.943082975725338947e-04
-5.103611571864669419e-04,3.961385468672849980e-04
-4.214963094909771621e-04,4.003803481796832579e-04
-3.205915918832113413e-04,4.032326697936440009e-04
-2.118271097719079702e-04,4.022625838179944555e-04
-9.219642412795940665e-05,4.004192174172959751e-04
2.780568759636346853e-05,4.002530076850866077e-04
1.494982957772719755e-04,4.009887326998090996e-04
2.766667847448433365e-04,3.970482705283667952e-04
4.027137099373217849e-04,3.928171547298215695e-04
5.294314606175432600e-04,3.872279123451819577e-04
6.555624192957609222e-04,3.752218567127219950e-04
7.706691725001872878e-04,3.588687180884562447e-04
8.749095468426740024e-04,3.400178888814876961e-04
9.664636331985431653e-04,3.195764148470455141e-04
1.040376983260837742e-03,2.962125303449188759e-04
1.103238106716883035e-03,2.706023558469175202e-04
1.151224705094037147e-03,2.413115736845971085e-04
1.180367329243979394e-03,2.134248604305712831e-04
1.207804139375299752e-03,1.865392028676114602e-04
1.228468211149685765e-03,1.718808756855007703e-04
1.210557223735251589e-03,1.477391586074656515e-04
1.190327011794399797e-03,1.231013342043184614e-04
1.165074446374852546e-03,9.801256929910713317e-05
1.134907344482576899e-03,7.381952370569749367e-05
1.099762467804057215e-03,5.120048681261927306e-05
1.060467877225730257e-03,3.081334254563393882e-05
1.018384167223368398e-03,1.247730959286813933e-05
9.709231322201989289e-04,-8.837081197346882794e-06
9.239416373694694408e-04,-2.929268173878375912e-05
8.775071333290463977e-04,-4.905434740443625433e-05
8.306291692032754604e-04,-6.731233733941517248e-05
7.838938656872994305e-04,-8.465796451270947301e-05
7.353716322439744768e-04,-1.016494105510465438e-04
6.852448769597492854e-04,-1.187023038479965439e-04
6.353549209068582327e-04,-1.339478789798370325e-04
5.872036730174317242e-04,-1.461124128684914564e-04
5.389945061824216038e-04,-1.580601946092323896e-04
4.943020359307834797e-04,-1.654540928499090139e-04
4.484172827279536786e-04,-1.726388319942828448e-04
4.047413263004253931e-04,-1.800332755395643255e-04
3.621776984584490489e-04,-1.843289841711781888e-04
3.220046114973064335e-04,-1.896282879306763797e-04
2.837747470435175246e-04,-1.935380106801463452e-04
2.478683145007443958e-04,-1.938218662250312655e-04
2.137043029443836620e-04,-1.940603604433076832e-04
1.826286150415132434e-04,-1.915927633048030495e-04
1.489708741491392282e-04,-1.895118844893051299e-04
1.195316471427586833e-04,-1.849580133454389712e-04
9.108616826330600018e-05,-1.801656712761270040e-04
6.639006065519245008e-05,-1.710831790821490817e-04
4.385487876815910845e-05,-1.614000268893630706e-04
2.468742845743487132e-05,-1.507788821959178379e-04
9.066699235738403330e-06,-1.392969078274471030e-04
-4.357923901630303062e-06,-1.269664374630523861e-04
-1.516353522313133345e-05,-1.155830861098051124e-04
-2.390107941737878799e-05,-1.043287614429341581e-04
-3.282525885762803251e-05,-9.585703322815807286e-05
-3.980867116018165311e-05,-8.686308258563066092e-05
-4.566202655194895083e-05,-7.907950957025784917e-05
-5.036778895980674068e-05,-7.289703538533103498e-05
-5.311228711013205132e-05,-6.511696738133014323e-05
-5.476248485943241776e-05,-6.010260375437367301e-05
-5.667267530406247517e-05,-5.568073234661508882e-05
-5.785787388596763653e-05,-4.900120065218098090e-05
-5.853400394807872678e-05,-4.198624902134042792e-05
-5.624980555520851290e-05,-3.246908103213372483e-05
-5.492848000911657459e-05,-2.648489095681785024e-05
-5.224943099376959122e-05,-2.052882866036975112e-05
-4.891328934182533105e-05,-1.744523322651369361e-05
-4.691612604829785329e-05,-1.507020495882707402e-05
-4.442045452853511515e-05,-1.282785492804385980e-05
-4.147184684570603025e-05,-9.185058216979654161e-06
-3.871447632291979599e-05,-6.928446726790168986e-06
-3.620353874594707701e-05,-6.709498540215998574e-06
-3.496900311873029379e-05,-5.691037686165171353e-06
-3.171318622488888896e-05,-4.595965974553083868e-06
-2.975402498632627780e-05,-3.977229214149279499e-06
-2.877461369771563420e-05,-4.246625062425918438e-06
-2.771614597425351502e-05,-4.347789812514864745e-06
-2.638299877361181546e-05,-3.381311194688760055e-06
-2.535095604493051846e-05,-2.546696039446193490e-06
-2.435362526470910064e-05,-3.130500293755134992e-06
-2.281574548983419202e-05,-3.195774788902689775e-06
-2.038870932572228275e-05,-2.976226870568686318e-06
-1.796646988267791654e-05,-4.653550790598227405e-06
-1.654517577645237892e-05,-4.351533247044165756e-06
-1.645140615466924902e-05,-6.234934497933250208e-06
-1.648817213792774756e-05,-6.305380855136799550e-06
-1.515042888007693894e-05,-5.098151246713877801e-06
-1.365714634647792675e-05,-3.900498066285077136e-06
-1.239275259586185205e-05,-1.549154214378597322e-06
-1.065135919136953261e-05,-1.694331330203268385e-06
-9.184021674708759189e-06,-1.377134932188657525e-06
-8.254128863512687523e-06,-2.447180662688894006e-06
-6.093008469015139928e-06,-2.786967397555147466e-06
-2.900077622963286858e-06,-1.569978864669170205e-06
-4.238545656120831551e-06,-1.357004199241600791e-04
-3.292266642293559476e-05,-1.035768460342571768e-04
-4.957842019306848286e-05,-7.885412834609411593e-05
-5.516201004114068714e-05,-5.998407247494052548e-05
-5.348866968374195284e-05,-4.004094576323082906e-05
2.296603239237240119e-05,-1.296905955951490057e-04
5.526406438634173563e-05,-1.059115640138294788e-04
6.915672382854786706e-05,-7.871664841673061059e-05
7.337260467426652414e-05,-5.099173973168212522e-05
7.335168769736378624e-05,-2.945855988388214729e-05
-3.198081955171183627e-05,-1.214610591951236591e-03
2.121104041580894827e-05,-1.563033182957859659e-04
-2.966720528837500268e-06,-1.485528860667600947e-04
7.119287017586470605e-05,-2.079220385641750865e-05
-4.912470933234433957e-05,-2.672245534922425460e-05
-4.388564775378836269e-05,-1.736287079081263700e-05
6.850761806894664933e-05,-1.561927338536926149e-05
-3.968040735089147528e-05,-1.127562284614365865e-05
6.647632797757674317e-05,-1.029399344875726184e-05
-3.569902772560268892e-05,-6.423732654552472246e-06
6.195856396443837359e-05,-8.101985303494712391e-06
5.697520398820798054e-05,-4.360381496382767842e-06
-3.148473247317105727e-05,-4.503713373140428626e-06
5.190059142928216368e-05,-1.891228527741512579e-06
-2.915421290626045450e-05,-3.688789388642384482e-06
-2.747653798741691650e-05,-2.997078360897161549e-06
4.608538346830667236e-05,-2.583034526694016627e-06
-2.434697582573518211e-05,-2.810283195898963834e-06
4.076416846187513068e-05,-4.440020737144968838e-06
-1.286710894648644818e-03,3.188244953025249555e-04
1.662693837066636952e-03,-1.672054875770873159e-04
2.107068551530712729e-03,3.027595813302337265e-04
-4.406877902761875931e-05,-1.215506836352362894e-03
-1.761517598118114919e-03,4.642592157120432883e-02
1.828889458901253578e-03,4.678932647909544301e-02
2.687923065040449637e-03,4.644124475348850034e-02
-2.514859575745976000e-03,4.610709035569924424e-02
1.117889246460073436e-03,4.720152508050739354e-02
-1.132557568332761893e-03,4.679980173032231155e-02
3.308211341769731577e-03,4.498880876022486736e-02
-3.078044691193229220e-03,4.475499132491946724e-02
-1.587194243611174090e-04,-3.216390042270304974e-05
1.051624660864626992e-04,-1.764776099724517237e-04
1.710279759099569323e-04,-3.396589516019453609e-05
-9.596479455840072764e-05,-1.719819658691253811e-04
4.277096417939440197e-03,4.480350642894178476e-02
-3.989668336676987538e-03,4.456526745817398355e-02
-3.820367100686595098e-04,4.679599497255369084e-02
3.435292448086017456e-04,4.719962069309455860e-02
5.043961928130928033e-04,4.774788739128772719e-02
-5.352767113063544233e-04,4.736598681091064300e-02
6.111417717279019014e-04,3.000180312900414532e-04
-5.061954236274085819e-03,4.439500666579118682e-02
5.386273667896381880e-03,4.464288398817706921e-02
-6.143927512238282589e-03,4.536598976208079670e-02
6.494893399862944686e-03,4.563529203699395048e-02
7.754066166249696732e-03,4.549112764015401239e-02
-7.406740491070155225e-03,4.523343482719223430e-02
-1.546483987174028312e-04,-1.398664545322674370e-03
-5.968421529719402253e-04,-3.489117482626984731e-04
3.248115370647306236e-04,-1.128513361825883967e-03
-1.085302199899369205e-03,4.586200519999387992e-02
1.094932673252742034e-03,4.617093307660127821e-02
-1.574616395680696578e-03,4.550383988751115216e-02
1.645519844519464795e-03,4.577529370815852650e-02
-7.600536484202136903e-06,-1.446666918939609956e-06
7.902979784062513481e-06,-1.299372480470824658e-06
-7.769971422064775790e-04,3.070767907684654506e-04
-8.742298087389048164e-03,4.514185923968853931e-02
9.067811661266658024e-03,4.539167826611460038e-02
-2.268017843884359574e-04,-1.751285925433376410e-03
-3.518635710543861262e-04,-5.832078042164978412e-04
-9.276372875252130660e-05,-1.015991385239879870e-03
-2.971290662702899630e-04,-1.742978852952670361e-03
-8.335689220141100385e-06,-1.214245938440651658e-03
2.450629695583260003e-03,4.537407812013018876e-02
-2.314772001646358494e-03,4.512636326528111919e-02
-3.652048416249883923e-04,-1.476355920065787334e-04
3.606592258323243483e-04,-1.593787091453803344e-04
4.181946080072405057e-03,4.601012582498920783e-02
-3.900486633353136747e-03,4.572295544719735122e-02
-1.016481102088563106e-02,4.506604748984174152e-02
1.044711286289932636e-02,4.530884798039319650e-02
-6.552130205196935592e-04,4.632447553333631646e-02
6.191480587106414123e-04,4.668136385071006145e-02
-1.884219175653168625e-04,4.734342969918744343e-02
1.303663868982738675e-04,4.774345921804418885e-02
-4.345325266770332638e-04,-2.018210150782909478e-03
-2.479605910116326772e-04,-7.037482060344617610e-04
-1.723227591323409807e-04,-8.490616538675278520e-04
-4.183957729731853045e-04,-1.996143152285968260e-03
-1.159162952109717322e-02,4.405113068275284816e-02
1.181487110246534286e-02,4.433842466703724616e-02
-1.206290178717602836e-03,2.184846522949305712e-04
1.144906268942714892e-03,2.210841439498334980e-04
2.188651971107164674e-05,-2.571676380297395552e-06
2.797074988988671956e-05,-3.626594143127513364e-06
-1.671576000097402761e-05,-5.002588147477782975e-06
-1.825506533773779775e-05,-3.612944549626760642e-06
-1.002613122413954696e-03,2.790859823328282422e-04
9.280233858827504918e-04,2.485875278816433828e-04
-7.035963901394483019e-06,-1.207465347224505889e-03
1.327164539455821628e-02,4.432200436716710740e-02
-1.312527246398342493e-02,4.403939171980626732e-02
-8.733494032782003198e-05,-4.491562214653878110e-05
1.024240675788579358e-04,-3.480111954875238862e-05
5.309524694910291130e-03,4.580757581240586102e-02
-4.980567301879703507e-03,4.553288234946249041e-02
1.477242831749964874e-02,4.520971463506062715e-02
-1.470967471309038606e-02,4.497044893049658570e-02
7.149845371186076826e-03,4.447226662432913341e-02
-6.801627670045820237e-03,4.421141443682583688e-02
1.628467762836028829e-02,4.502576851790834195e-02
-1.629702275281532872e-02,4.476875577678551821e-02
-8.050229865027649229e-03,4.411981205220400631e-02
8.390084056035071458e-03,4.438898911538924352e-02
-5.189839637117712881e-05,-2.437169205375343647e-05
7.228654321688308851e-05,-2.188325815001728646e-05
5.002056384429974024e-05,2.880970095510860130e-04
9.736572487921422644e-03,4.432159150189513702e-02
-9.429519560513573845e-03,4.404544712214906316e-02
1.789277772919484200e-02,4.488896330151175701e-02
-1.795652030114455386e-02,4.461609343282394585e-02
6.002848633851457947e-04,7.873392412049753908e-05
-1.238345912992141855e-02,4.509938288619450009e-02
1.256807853280768848e-02,4.533045151622476510e-02
2.922952464010945481e-03,1.061855060114444676e-03
4.165958100092777695e-05,-2.132141598666042129e-06
-2.480316147894935557e-05,-1.289990657123649684e-06
-1.082816846484827662e-03,-1.568438910716839576e-05
1.214312428266279588e-03,-4.830593976352602604e-04
1.568919287054645027e-03,2.983383146020583145e-04
1.956666806522746813e-02,4.478421669155361468e-02
-1.965029381109419104e-02,4.450032171718537599e-02
1.551205167572737055e-02,4.433132022447954651e-02
-1.548961750156152214e-02,4.404818861293054860e-02
5.448565452761864561e-05,-5.399655203071896549e-06
-3.396118930446253626e-05,-5.225451184667664552e-06
-4.486385443848363731e-04,-2.040575299211839534e-03
-2.094381819670215522e-04,-7.940563046742952482e-04
-3.530125670298408896e-06,-1.639508003798251317e-06
2.973530857461797291e-06,-1.264183326836143468e-06
-2.370738820177988027e-04,-7.453105070734904062e-04
-4.457879451142585082e-04,-2.049090683181631865e-03
-8.617921351070835121e-04,1.266746254428919899e-04
1.707754102985403061e-02,4.431938740127162879e-02
-1.712098778806584246e-02,4.403411098631109660e-02
2.026896922476140520e-02,4.419211619844592986e-02
-2.035613613973221228e-02,4.389794279354123502e-02
8.037649409099378514e-04,1.221473451734347512e-04
-3.615672937524307216e-04,-1.864413735346056276e-03
-1.290948571557197012e-04,-9.665764467926187681e-04
-3.122492210116127229e-04,-6.351982893639977279e-04
-3.293196425913410413e-04,-1.887246993477605713e-03
6.380507010321926145e-04,4.760581999280952270e-02
3.873048762436983585e-04,4.760525058951896316e-02
8.152537684150558102e-04,4.737843596268968838e-02
8.398785708213869685e-04,4.705296696020416780e-02
1.066340027943573710e-03,4.689725993585750624e-02
-6.845264486262929871e-04,4.719515332679399822e-02
-4.613727501760313070e-04,4.718343673492073759e-02
-1.031484599960029268e-05,-9.455605011949305200e-07
1.345004583373806862e-05,-1.399706536046769042e-06
-1.749022466365122863e-05,-2.586806402426677268e-06
2.408609304967893351e-05,-1.406656387372376324e-06
-2.098637796319524209e-05,-2.792568631677141837e-06
3.463198195872456615e-05,-4.733676656498214734e-06
2.544395804866946605e-03,5.776397889402426879e-04
-5.487895929940796690e-04,4.699752379487429771e-02
-8.358438168742262069e-04,4.697283273460589603e-02
-8.549620581862738510e-04,4.667775623516513817e-02
-1.142989227181040761e-03,4.648687475991115925e-02
-4.019547790830556446e-05,-1.210314779286736168e-05
6.306888917603045328e-05,-1.166651043339160881e-05
3.053958832282182736e-08,-1.220364903464719744e-03
3.355717046217688128e-04,4.781278728605830447e-02
1.413566434878375713e-03,4.693638196067225626e-02
1.520486168369779853e-03,4.657964127226107282e-02
1.851454233032488262e-03,4.639431494398135736e-02
-3.478334535975795565e-04,4.735209402350815111e-02
-4.384284327190923671e-04,4.747592482960134169e-02
7.278797732410629369e-04,-8.482696451400410179e-04
-8.071937800948162127e-04,-2.002841151628293956e-04
5.366608582190059542e-04,4.739002922141687113e-02
-6.850628581899074991e-08,-1.215759396563094062e-03
9.588216706664330884e-04,1.390440165444067466e-04
4.735241258606123120e-04,9.227850949109371505e-04
6.085347116525833102e-04,-1.049383784781208909e-04
8.129080656202147641e-04,1.634335189809750014e-05
-3.991107426033349364e-04,8.920803952054299699e-04
-5.833784756853830755e-04,-1.097543728776953069e-04
-8.130466799600964689e-04,1.919048233614313056e-05
-2.461099027042472332e-04,4.715068414185622642e-02
-2.177387347295282568e-04,-1.537084181094221192e-03
-4.800961828535964737e-04,-4.753141092668666150e-04
1.185203422440677182e-04,-1.428547365969902450e-03
-1.441066612838644160e-03,4.660527725179185177e-02
-1.442344588962870145e-03,4.625272160274764705e-02
-1.773982908550404084e-03,4.606901893586823338e-02
-5.956726320728471041e-05,-9.310260544829964020e-05
2.410522014836905804e-04,-1.746386045994416825e-04
-7.880280019502475242e-05,-9.847440499524460860e-05
1.047888742554060117e-04,-8.163614525695834655e-05
-2.319905695933968692e-04,-1.767899359792066876e-04
9.989611941747352972e-05,-9.512062680634213814e-05
-1.206217288767654714e-05,-3.083326715087030740e-06
1.759034880846305934e-05,-8.813784212336987307e-07
-1.035289093175641682e-03,1.531759053083588736e-04
1.872067313930881119e-02,4.429352090948376897e-02
-1.879837277554548616e-02,4.400444103016369624e-02
3.139436918995484969e-03,4.628277556379921387e-02
2.748646426944221285e-03,4.601818591925559837e-02
3.256648057711161812e-03,4.585744113732544147e-02
2.296221421042802385e-03,4.621777947356441041e-02
-2.933135330295088931e-03,4.596855879048812599e-02
-2.585909979146875076e-03,4.569401671190561481e-02
-3.045080630210860416e-03,4.556788548919905174e-02
-2.186558650445244879e-03,4.588126606413521491e-02
3.659265058666903454e-03,4.615108475456832643e-02
3.805811013225385720e-03,4.567256911695877913e-02
4.367072283894555054e-03,4.556644623263761407e-02
-1.442646885070827511e-03,4.590216996691841994e-02
-7.832009708624870390e-05,-1.575864801647981457e-03
-4.106958634420643044e-04,-5.196475213393895532e-04
-8.381378919520477051e-05,-1.074211105506657927e-03
-2.415825533516159445e-04,-1.623182347163484732e-03
2.008478893619294908e-06,-1.211149103517778457e-03
-3.409257432470362212e-03,4.584966076647800648e-02
-3.546717946159913450e-03,4.539973930200705970e-02
-4.073114508516884925e-03,4.529901763729984876e-02
-2.123692812197324094e-03,4.626947116314784891e-02
2.243635710289656419e-03,4.662082258254218736e-02
1.897407231662008752e-05,-1.278586327472171932e-06
1.092277981553668644e-03,1.866550553707931363e-04
-1.161611423135510248e-03,1.914538016959953270e-04
-3.790865821737526690e-04,-1.953919606615633735e-03
-2.898361308810066292e-04,-6.722527148889423420e-04
-1.532961721691826419e-04,-9.128833281215302390e-04
-3.808810038068641810e-04,-1.931122878074933253e-03
2.082389957679210213e-04,4.757792697535278420e-02
1.497307370999194495e-03,4.618701421464578571e-02
4.752083083399104291e-03,4.589715410532583389e-02
4.932100555405681541e-03,4.541707017084890136e-02
5.506235975221498991e-03,4.523323334542622698e-02
-5.549987109434401794e-03,4.544599480604911285e-02
-5.779601051869412073e-03,4.491550386790766486e-02
-6.400389291107621767e-03,4.471863738209205796e-02
-5.175670381199026608e-03,4.497047612522751120e-02
-4.617069714659935084e-03,4.513412093286807425e-02
4.424436644091839666e-04,2.479539089873547086e-04
7.255039749153543473e-04,2.816557089501897995e-04
-6.764093402615150089e-03,4.528406735935459199e-02
7.115884279009228319e-03,4.556634441991734563e-02
6.752646717911673854e-03,4.498099056343111968e-02
6.118113140262026496e-03,4.516562887894563089e-02
-2.021504735644881888e-05,-2.023470174668340120e-06
3.093020642539815444e-05,-2.557560020330424277e-06
-8.065382077516192530e-03,4.519667034142411943e-02
8.404283543340980087e-03,4.545026097972704876e-02
-4.435420451086186447e-03,4.563911142874147592e-02
9.764518197361755220e-03,4.536759350363278598e-02
-9.458231634915780645e-03,4.512160630039561970e-02
1.332455422718400778e-04,-3.775002250390935618e-05
1.058877267860189927e-04,-7.933835809304015652e-05
8.292168134226100005e-05,-6.955603872366359470e-05
8.191233711361035365e-05,-9.660077987254238904e-05
-1.209899656028728775e-04,-3.417544550024244039e-05
-8.426505567098364511e-05,-8.020090282579101296e-05
-6.474132086277986338e-05,-7.176809582154852567e-05
-5.769980807495546469e-05,-9.956466878268218539e-05
-7.107974008842213450e-06,-5.466823659434926078e-07
9.057054264683768376e-06,-6.467289105712646802e-07
5.894660752059286725e-03,4.571231578397388223e-02
-1.087577254753675608e-02,4.505911546896533559e-02
-1.052482091888033711e-02,4.453195268313888538e-02
1.112995903421121549e-02,4.529759551395269590e-02
1.079274874568843592e-02,4.479359429951321886e-02
1.183808953463580740e-02,4.532247351062224094e-02
-1.161627597571956126e-02,4.508822191689323272e-02
6.341903760661959065e-03,4.460787464970749489e-02
-2.121638147027949534e-02,4.411586132880333799e-02
2.112276307284045862e-02,4.440913990096804348e-02
1.473298658185124253e-02,4.429842928210096786e-02
1.398712791503652596e-02,4.428296139820551286e-02
1.363282731900104794e-02,4.496527408735158382e-02
-1.466883174361582366e-02,4.401410119507732227e-02
-1.388125714096800738e-02,4.399789545619697817e-02
-1.350670299167705361e-02,4.471598533710208212e-02
1.255243746564669444e-02,4.429577698758083854e-02
-1.236577009911789607e-02,4.401178338423449715e-02
-5.984284334594236303e-03,4.435332155893047940e-02
-8.722161030831902112e-03,4.409108711006008707e-02
9.048565428856479576e-03,4.436326641475821231e-02
-2.173262525905933246e-05,-1.535544991998727228e-06
8.058755145492927513e-03,4.494466999799835716e-02
-7.715313498940934260e-03,4.468264136495566502e-02
-1.548557455843350798e-02,4.486510980957875844e-02
1.550979003961198456e-02,4.511324561537859157e-02
-1.088375043869186401e-04,-1.290194907015013159e-03
1.628619562698893630e-02,4.418345631634548049e-02
-1.629903646136047699e-02,4.389371144271490138e-02
-4.541797765765136419e-05,-2.692397224429483751e-05
-5.383304779249639178e-05,-4.418080550514855826e-05
6.759108450741882783e-05,-2.053177692101700261e-05
7.451092453216927672e-05,-3.966794501326602324e-05
4.816688537706375478e-03,4.468583434718831349e-02
-4.508430756319852135e-03,4.444390278980144687e-02
-1.441495195926754090e-04,4.749122733656810369e-02
7.051377578517978317e-05,4.785434501303301863e-02
3.738991239774918339e-03,4.492819898079104118e-02
-3.481267140174636350e-03,4.469095488934568539e-02
2.920708474181459881e-03,4.518679649192851311e-02
-2.729429808505757366e-03,4.494571512120586892e-02
-1.092513310119628146e-03,2.562001884380679857e-04
-8.967131677522072446e-04,2.942584209728793185e-04
8.353823895127406030e-04,2.673207639538968694e-04
1.020591427136029400e-03,2.393060306723929318e-04
7.411407376477096957e-03,4.498863496873442558e-02
-7.063887184501042513e-03,4.472320158742246893e-02
-2.218456597520617260e-02,4.399975218551781947e-02
2.207404667331515358e-02,4.429704121768282543e-02
-1.937205317953215409e-03,4.531792571069225700e-02
2.030289771161610055e-03,4.557685185072805206e-02
2.103554314850172185e-04,4.735555341251007633e-02
3.564030862815383336e-05,-3.294364864759543532e-06
-7.866043554701826056e-05,-1.235901210027147337e-03
1.710179419933098230e-02,4.512395347647296662e-02
-1.714347389687687073e-02,4.486451570953391144e-02
-1.151763841450201926e-03,2.503318370529213467e-04
-1.226979626180345426e-03,1.755173858910676966e-04
-1.250340023032451989e-03,1.854311152952168760e-04
-4.945558984838793488e-04,4.654575665873295770e-02
4.477044603616181246e-04,4.692309479662418875e-02
3.697005953394643052e-05,-1.206151676366060089e-04
4.057222555622147037e-05,-1.257362738417167080e-04
5.365799608912856343e-05,-1.137450724055277026e-04
6.006453998019146712e-05,-1.158756633364198480e-04
4.745016616847640714e-05,-1.277614512995863504e-04
-1.466687999330661394e-05,-1.252856875858398991e-04
-1.863694780612065583e-05,-1.307814889473725602e-04
-2.827083895041889979e-05,-1.163064699870540973e-04
-3.958092774770306690e-05,-1.159527590408403848e-04
-2.795956103593200744e-05,-1.321645486171092244e-04
-4.566798718520345739e-05,-1.011155824758077092e-04
-4.344341372142919661e-05,-9.505592514663843272e-05
-5.152143975531287673e-05,-8.694895746111812914e-05
-5.338745686728108995e-05,-7.287098043305368451e-05
-5.754062448415345654e-05,-5.992679411433409338e-05
6.675735868633718905e-04,1.912037082918843507e-04
-8.525197421049427512e-04,4.609488310555136942e-02
8.326084712138937319e-04,4.642878540287594114e-02
-7.407307761883768875e-03,4.416355786765931157e-02
7.753784728103472156e-03,4.442976458588092370e-02
1.190298311864160371e-03,1.932454583719698941e-04
1.162307355790579517e-03,1.722424325737681417e-04
1.083732919699934927e-03,2.417764848840828608e-04
6.167246184182681456e-05,-9.697767443198742016e-05
6.471123236066106453e-05,-1.008028627587935131e-04
6.897221874616677243e-05,-8.871114582880221125e-05
7.372814798931162433e-05,-7.672796464630756135e-05
7.198215498218317725e-05,-6.730523806588955920e-05
7.559675162865215313e-05,-6.315484180064828397e-05
7.605021469849603400e-05,-9.075404239410509127e-05
7.402714965754259892e-05,-5.018367033670157650e-05
7.854684981362679340e-05,-5.298354033582607445e-05
7.353682715192867876e-05,-4.349712471019972771e-05
4.643084635219485803e-05,-1.137112684523890443e-04
-2.264788575772782358e-05,-1.134075112729938652e-04
-5.178888268408221818e-05,-7.144772725938750002e-05
6.616122950218408132e-05,-8.663635739701408512e-05
-1.449931820757969602e-07,-1.213507431075097447e-03
-5.326974250647348199e-05,-6.519116051720421712e-05
-5.470104839145007109e-05,-6.288402597552899534e-05
-5.512921081055998095e-05,-5.530591335149669503e-05
-6.435550690870503715e-05,-4.789995044637811178e-05
2.810837846333186316e-03,9.132049273414600578e-04
1.146096227827079778e-03,4.656344057233696709e-02
4.044956035620939129e-09,-1.218101566870868251e-03
-1.140487270090420439e-03,4.618738376650493443e-02
1.789391205281555194e-02,4.413395160352573399e-02
-1.795839947477083018e-02,4.384287656867650457e-02
-8.369441703611299466e-03,4.465424476191749009e-02
8.703559711562140408e-03,4.491493347620945098e-02
-5.609573203145140380e-05,-5.450460908663541535e-05
-1.858061602539647344e-03,4.571304426165594126e-02
-5.575235938549172082e-05,-4.889269428047088837e-05
-5.287553724436998113e-05,-4.561126717777679073e-05
-4.917284122024285408e-05,-3.543595096100983694e-05
-5.214591321161820582e-05,-3.226756975416150144e-05
1.941450635232117505e-03,4.600618844688631609e-02
1.851782554943421895e-04,4.789999714127223668e-02
-3.723868115267499291e-04,4.700927416094165950e-02
8.336670422776125758e-05,-1.034810022654482532e-04
1.337600049673253182e-04,-6.125804616074398466e-05
-9.091548080191563103e-03,4.459580540590268177e-02
9.408375037774162342e-03,4.485709483341341480e-02
-6.034419013971053928e-05,-1.088039556129761148e-04
-1.140942036060060198e-04,-6.469155180360218168e-05
-3.013195708612941484e-05,-1.222326679674987007e-03
-9.788986319181024881e-03,4.455663628917822666e-02
7.200403252534297099e-05,-3.737894714854779742e-05
7.021866290020622840e-05,-2.632873650595494725e-05
1.008413775585127563e-02,4.481806222009551699e-02
-7.065510562849070246e-05,-2.629575883872990169e-05
1.110860920827492528e-02,4.428721912238042097e-02
-1.085306076898076046e-02,4.400438295636346225e-02
5.908990819823088355e-04,4.715285415477150216e-02
-3.998056049909466068e-06,-1.430876538235195433e-04
2.843508792894708291e-06,-1.496428721905190145e-04
6.276018533061355597e-05,-1.708130999695342436e-04
-3.084385499743870940e-05,-1.302386717275264081e-04
3.453815751630150941e-05,-1.337851782668511038e-04
1.533882600427235901e-04,-1.113885342122238056e-05
5.081092816387563398e-04,3.036175466970413191e-04
4.505492269156320895e-05,-1.651943592205235977e-04
3.942633877753594330e-05,-1.315355659584011635e-04
1.874155852917847379e-02,4.501848602633318902e-02
-1.881819618670714164e-02,4.474255326477288852e-02
-6.177028213299707259e-05,-1.310366596742678041e-04
-1.436184379088235484e-04,3.763721536761646696e-05
-1.593294208966241049e-04,-1.804513811882181270e-04
-5.829709868181932788e-04,2.654533943631902371e-04
-1.512151322460596518e-04,-1.597717612846130523e-04
-2.254393172482600728e-04,-1.193746701746111719e-04
-4.136028313523009130e-04,-2.920358749879877364e-05
-2.305636765700265489e-02,4.389043857498710344e-02
2.292139324918298846e-02,4.419234543897102019e-02
-2.410325509793167966e-05,-1.598868556844746454e-04
1.093815771112575746e-05,-1.476306849721901820e-04
-2.970137108666762234e-05,-1.609235309910546645e-04
-4.875733916767246388e-05,-1.679525765678158372e-04
8.866827560621914022e-06,-1.454442987978163491e-04
9.052145057248867153e-06,-1.385753723140007495e-04
2.378737182637332467e-03,4.580464612260096852e-02
5.861796243173878450e-03,4.463100933748861271e-02
1.468092794877450587e-03,2.478215753975500715e-03
8.476404820354489192e-05,-3.489236781022673779e-05
-1.013996047223069200e-02,4.401837915768798404e-02
6.772936509302985219e-05,-1.048272750971290140e-04
-5.524363819601749333e-03,4.438096649380224301e-02
1.042385211528978201e-02,4.429758991935674878e-02
-6.288001324877686912e-04,4.676497955816853042e-02
-2.278649990399611493e-03,4.551340032144430420e-02
-1.290542661444135132e-03,4.562749199540814399e-02
2.855040207136405779e-03,4.562085125868269031e-02
-2.684599642783631196e-03,4.534522442664441766e-02
1.866225330571438280e-03,2.577915784153413927e-05
-2.873327342316509485e-05,-1.343908352002867814e-06
4.577376510150393878e-05,-1.598562590952377443e-06
1.581706742427186783e-03,1.280403932937665976e-03
-1.406460903250107523e-02,4.506039467974494450e-02
1.416151950829015391e-02,4.529326444241928151e-02
1.326360413865670202e-03,4.590806454409192966e-02
-1.121659112502572039e-02,4.455092485989545215e-02
-4.163591062909986697e-05,-1.620237580636225459e-05
6.483781078179372953e-05,-1.485428132477545002e-05
-4.469119784566183309e-05,-8.649953991340063580e-05
1.290299157011800396e-02,4.484797045485380135e-02
-1.273582773011690261e-02,4.459260549908827115e-02
1.145847980032773349e-02,4.480841807382333203e-02
3.403317000232004407e-03,4.536417960984041875e-02
-3.172723529617698345e-03,4.510653000243149829e-02
7.281449831762068568e-05,-5.755595584677784067e-05
-3.677318562282579388e-05,-9.722458970870775821e-06
5.958860271064832974e-05,-9.407974337667249296e-06
1.953675885870337012e-02,4.407701388756032207e-02
-1.962077050408023854e-02,4.378308965151860715e-02
4.062032355691978970e-05,-1.554333533387144755e-04
-6.990124796214249817e-05,-1.735583753642840695e-04
2.103755417277252803e-03,7.826905876906583475e-04
-1.198013762340051878e-02,4.456577413361181850e-02
1.218546759797445658e-02,4.482395297125608274e-02
-8.830260060141441238e-04,4.639515241758629394e-02
-3.193103300535627179e-04,4.747120623260916300e-02
-3.077970859484818733e-05,-3.135286829015680112e-06
3.340250009892097732e-05,-1.603646783565164109e-04
7.230788543463957305e-05,-2.389983120629849883e-05
7.386113585474615706e-05,-3.563076477475535410e-05
-4.273943248727265880e-03,4.488583658413474592e-02
4.568795005860278036e-03,4.515548756978248618e-02
-3.728163937573812474e-03,4.501855809557017002e-02
4.000969242243280176e-03,4.527355889262434790e-02
8.585055527437370328e-04,4.675067859354110206e-02
5.305684478171910100e-05,-4.888233126363270562e-06
-3.243964704487144380e-05,-4.399534757854416276e-06
1.443630155054142540e-04,-1.071863444115075871e-04
4.263923352865170218e-04,-2.164129222129091882e-05
1.787274839068052497e-04,-1.809407703041975024e-04
1.150433955961201551e-04,-1.581777751683138291e-04
4.796128447679444818e-04,-1.246895459267664244e-04
-1.304457659267822811e-02,4.514713492441714549e-02
1.319512186201721518e-02,4.537500228013231773e-02
5.109262740687100027e-03,4.501050349794341598e-02
-4.790643879140291626e-03,4.475468925075520854e-02
6.875704057451649022e-05,-2.076106196123612963e-05
-4.511211916378089808e-05,-2.341681932752062489e-05
2.757743461453352743e-04,-9.760004363052249472e-05
3.819488423888001637e-04,-1.172680478579910104e-04
-4.712667551986330234e-05,-2.077643375242060382e-05
7.088281586292897681e-05,-1.815327891843911319e-05
-4.262551430010573701e-05,-1.433625674431593658e-05
-4.027312105568701879e-05,-1.282789650077508093e-05
-3.749679069801264769e-05,-8.880166987940471597e-06
6.835375107742197793e-05,-1.248439693281129890e-05
6.423840062649300295e-05,-1.186011613303980984e-05
8.902457605638218138e-05,-8.102797732604654366e-05
9.890629478674958081e-05,-6.243593326325883605e-05
-6.960825946684249567e-04,4.655120570711318573e-02
1.436931459483017058e-02,4.475749786976291472e-02
-1.428466480389001085e-02,4.449657481816172988e-02
-6.018434986909167720e-05,-8.947872009413975240e-05
6.655755230311473196e-04,4.692382736823416667e-02
3.481050134034662457e-04,4.743481727660320973e-02
-2.365381804652319281e-04,4.694186125489285127e-02
2.037164160523200276e-02,4.484210859303484203e-02
-2.045876470761721216e-02,4.455676952324901657e-02
8.836140862010128673e-05,-5.123625244704185631e-05
2.359332281242065496e-02,4.413270662517270598e-02
-2.375309430426401913e-02,4.382765812560648205e-02
6.990270836372178796e-05,-2.790401938381879509e-05
-1.506329859729633493e-02,4.445792679664052616e-02
1.510730228855294843e-02,4.472226830599237285e-02
8.669614615726856403e-04,1.971248789055325733e-04
7.825688531096513688e-04,2.123389729440747112e-04
2.107221387458233828e-05,-1.373763161957293022e-04
-3.800817833499184692e-05,-8.639886642890854724e-06
-3.837488280295185672e-05,-9.375055851009532460e-05
-6.369987614369064001e-03,4.413635185121635163e-02
-1.074561029769711788e-03,1.897148212626098345e-03
-1.112439094088758925e-03,3.349720332608447770e-03
1.323744621203332660e-03,5.051904891000985956e-03
-9.650894558552233901e-04,2.144561269708699562e-04
7.405529018850444639e-05,-5.777628481476086388e-05
-1.077574275961846006e-05,-1.486949159878654411e-06
-1.296594751232823141e-05,-3.792048598844150251e-06
1.480030559628378310e-05,-2.193832146412184020e-07
-1.058373538768840128e-03,5.157031971003303225e-03
1.184951180290364512e-03,7.688828252289113194e-03
6.722643487981234782e-03,4.438880417862127448e-02
