Size 1253,2
0.000000000000000000e+00,8.932168151063005516e-05
0.000000000000000000e+00,1.870173227672248010e-04
0.000000000000000000e+00,5.430557230128651991e-02
0.000000000000000000e+00,5.429932360411262454e-02
0.000000000000000000e+00,1.055705207485335760e-04
0.000000000000000000e+00,1.940888921638497171e-04
0.000000000000000000e+00,5.421910714385465291e-02
0.000000000000000000e+00,5.421270244234180358e-02
0.000000000000000000e+00,7.655847658806560352e-06
0.000000000000000000e+00,7.182695652684875020e-06
0.000000000000000000e+00,1.397969105730314570e-05
1.294652162359208737e-04,0.000000000000000000e+00
-1.047843928022101429e-05,0.000000000000000000e+00
-1.264828332341838254e-04,0.000000000000000000e+00
1.260290521254545949e-06,0.000000000000000000e+00
-1.530066408635489267e-05,0.000000000000000000e+00
1.545147596699067243e-05,0.000000000000000000e+00
-3.259991317910349795e-06,1.109155727903901150e-04
0.000000000000000000e+00,7.172758304550944141e-04
0.000000000000000000e+00,1.703786097588111956e-03
0.000000000000000000e+00,4.082222272362667076e-03
0.000000000000000000e+00,9.007023380433873058e-03
0.000000000000000000e+00,1.743663466145321458e-02
0.000000000000000000e+00,2.721743272286176671e-02
0.000000000000000000e+00,3.627439699213308444e-02
0.000000000000000000e+00,4.375539773105877744e-02
0.000000000000000000e+00,4.903110165724544611e-02
0.000000000000000000e+00,5.175148776715423476e-02
0.000000000000000000e+00,5.304723419906459680e-02
0.000000000000000000e+00,5.363820458519512335e-02
0.000000000000000000e+00,5.409026983510843711e-02
0.000000000000000000e+00,5.429009904112964968e-02
0.000000000000000000e+00,5.430313014758401252e-02
0.000000000000000000e+00,5.430194326866927962e-02
0.000000000000000000e+00,5.430176212210257453e-02
0.000000000000000000e+00,5.430176413287680914e-02
0.000000000000000000e+00,5.430180672310690876e-02
0.000000000000000000e+00,5.430181112254545139e-02
0.000000000000000000e+00,5.430183433964018425e-02
0.000000000000000000e+00,5.430188122504155113e-02
0.000000000000000000e+00,5.430190964612732069e-02
0.000000000000000000e+00,5.430188221190041659e-02
0.000000000000000000e+00,5.430184529335771448e-02
0.000000000000000000e+00,5.430179037148742671e-02
0.000000000000000000e+00,5.430179143275196130e-02
0.000000000000000000e+00,5.430180532831287848e-02
0.000000000000000000e+00,5.430183109703944772e-02
0.000000000000000000e+00,5.430184262158578579e-02
0.000000000000000000e+00,5.430189035923871366e-02
0.000000000000000000e+00,5.430187767808240112e-02
0.000000000000000000e+00,5.430188089520145839e-02
0.000000000000000000e+00,5.430196368091984305e-02
0.000000000000000000e+00,5.430204985208814811e-02
0.000000000000000000e+00,5.430211331330770524e-02
0.000000000000000000e+00,5.430219144242862811e-02
0.000000000000000000e+00,5.430225143439747215e-02
0.000000000000000000e+00,5.430229225887003852e-02
0.000000000000000000e+00,5.430233352721630657e-02
0.000000000000000000e+00,5.430240752179919111e-02
0.000000000000000000e+00,5.430244013846419193e-02
0.000000000000000000e+00,5.430247245357786717e-02
0.000000000000000000e+00,5.430250874312211179e-02
0.000000000000000000e+00,5.430252606928600428e-02
0.000000000000000000e+00,5.430255579092232998e-02
0.000000000000000000e+00,5.430263357858124834e-02
0.000000000000000000e+00,5.430270758663535008e-02
0.000000000000000000e+00,5.430279564416819194e-02
0.000000000000000000e+00,5.430286140456388327e-02
0.000000000000000000e+00,5.430285755114612478e-02
0.000000000000000000e+00,5.430284985227579880e-02
0.000000000000000000e+00,5.430285626786719722e-02
0.000000000000000000e+00,5.430284963164192652e-02
0.000000000000000000e+00,5.430288209577290026e-02
0.000000000000000000e+00,5.430288608159553748e-02
0.000000000000000000e+00,5.430287410620338040e-02
0.000000000000000000e+00,5.430285576721056995e-02
0.000000000000000000e+00,5.430288494952772993e-02
0.000000000000000000e+00,5.430289332282459136e-02
0.000000000000000000e+00,5.430287175123452159e-02
0.000000000000000000e+00,5.430288979476122907e-02
0.000000000000000000e+00,5.430289793882786542e-02
0.000000000000000000e+00,5.430287830955070338e-02
0.000000000000000000e+00,5.430286855596445916e-02
0.000000000000000000e+00,5.430283788469775219e-02
0.000000000000000000e+00,5.430281584690496016e-02
0.000000000000000000e+00,5.430281709558835296e-02
0.000000000000000000e+00,5.430278730046111946e-02
0.000000000000000000e+00,5.430275430032743128e-02
0.000000000000000000e+00,5.430275093794646735e-02
0.000000000000000000e+00,5.430268448940766407e-02
0.000000000000000000e+00,5.430262429260549611e-02
0.000000000000000000e+00,5.430256207652157940e-02
0.000000000000000000e+00,5.430249218410220652e-02
0.000000000000000000e+00,5.430244013916212670e-02
0.000000000000000000e+00,5.430241204302054675e-02
0.000000000000000000e+00,5.430238906260884818e-02
0.000000000000000000e+00,5.430235903021340266e-02
0.000000000000000000e+00,5.430232946426608726e-02
0.000000000000000000e+00,5.430229709177977759e-02
0.000000000000000000e+00,5.430224290146851152e-02
0.000000000000000000e+00,5.430218719099297320e-02
0.000000000000000000e+00,5.430209823837178762e-02
0.000000000000000000e+00,5.430204904767230167e-02
0.000000000000000000e+00,5.430201668722799135e-02
0.000000000000000000e+00,5.430195742672538212e-02
0.000000000000000000e+00,5.430191483968739574e-02
0.000000000000000000e+00,5.430191104475303593e-02
0.000000000000000000e+00,5.430191954799264836e-02
0.000000000000000000e+00,5.430189859256057822e-02
0.000000000000000000e+00,5.430191278685658762e-02
0.000000000000000000e+00,5.430193045867648394e-02
0.000000000000000000e+00,5.430192392077667213e-02
0.000000000000000000e+00,5.430192318372260157e-02
0.000000000000000000e+00,5.430193043443097556e-02
0.000000000000000000e+00,5.430189882094814402e-02
0.000000000000000000e+00,5.430170237582698789e-02
0.000000000000000000e+00,5.430083725677786743e-02
-7.336931213323900957e-04,8.016295872873915613e-04
-1.104317283422969181e-03,1.899805385173194841e-03
-1.508461540196219790e-03,4.348517096657172377e-03
-1.717588583697286396e-03,9.290470654210099613e-03
-1.638933307381614923e-03,1.766845335723258789e-02
-1.390784323581923570e-03,2.742245932606547296e-02
-1.029107794371070467e-03,3.643732389255885384e-02
-7.736609630223516580e-04,4.386051585550197057e-02
-5.699174371971522587e-04,4.905044285232064427e-02
-3.732012995465871672e-04,5.173004153361159679e-02
-2.246730328314725889e-04,5.302164499694297234e-02
-1.246033864144076731e-04,5.362029146629476717e-02
-6.267666455357408380e-05,5.408159073153807894e-02
-2.435941215446599085e-05,5.428725703945451453e-02
0.000000000000000000e+00,7.377465774051074040e-04
0.000000000000000000e+00,1.744561722332999562e-03
0.000000000000000000e+00,4.133016167482022815e-03
0.000000000000000000e+00,9.052290152970354428e-03
0.000000000000000000e+00,1.745621312884452700e-02
0.000000000000000000e+00,2.720124181005265790e-02
0.000000000000000000e+00,3.622339143013242335e-02
0.000000000000000000e+00,4.367802691911122637e-02
0.000000000000000000e+00,4.893829131647215586e-02
0.000000000000000000e+00,5.165354734436925638e-02
0.000000000000000000e+00,5.294880159938670366e-02
0.000000000000000000e+00,5.354109155663258623e-02
0.000000000000000000e+00,5.399796164054990882e-02
0.000000000000000000e+00,5.420281108533992614e-02
0.000000000000000000e+00,5.421672953414707202e-02
0.000000000000000000e+00,5.421559539120523324e-02
0.000000000000000000e+00,5.421533927112460322e-02
0.000000000000000000e+00,5.421539839316483200e-02
0.000000000000000000e+00,5.421550491666722593e-02
0.000000000000000000e+00,5.421562851357717566e-02
0.000000000000000000e+00,5.421576937660189943e-02
0.000000000000000000e+00,5.421592781117695603e-02
0.000000000000000000e+00,5.421605671216130767e-02
0.000000000000000000e+00,5.421615982779787180e-02
0.000000000000000000e+00,5.421623880033528409e-02
0.000000000000000000e+00,5.421629429893184277e-02
0.000000000000000000e+00,5.421633363320355753e-02
0.000000000000000000e+00,5.421636880506747885e-02
0.000000000000000000e+00,5.421636082611992757e-02
0.000000000000000000e+00,5.421629590252446257e-02
0.000000000000000000e+00,5.421626409679294184e-02
0.000000000000000000e+00,5.421626335144612285e-02
0.000000000000000000e+00,5.421626333933848157e-02
0.000000000000000000e+00,5.421623700959008613e-02
0.000000000000000000e+00,5.421621915725229057e-02
0.000000000000000000e+00,5.421622793855553762e-02
0.000000000000000000e+00,5.421623022348500548e-02
0.000000000000000000e+00,5.421622004563374231e-02
0.000000000000000000e+00,5.421618996470187191e-02
0.000000000000000000e+00,5.421616562151666818e-02
0.000000000000000000e+00,5.421613652824243401e-02
0.000000000000000000e+00,5.421610743997486159e-02
0.000000000000000000e+00,5.421608082173587362e-02
0.000000000000000000e+00,5.421609293533848073e-02
0.000000000000000000e+00,5.421610303736353054e-02
0.000000000000000000e+00,5.421609319543009564e-02
0.000000000000000000e+00,5.421607284593746995e-02
0.000000000000000000e+00,5.421605735968260120e-02
0.000000000000000000e+00,5.421605003227707165e-02
0.000000000000000000e+00,5.421601406373022930e-02
0.000000000000000000e+00,5.421601186314900511e-02
0.000000000000000000e+00,5.421597343348553283e-02
0.000000000000000000e+00,5.421591727448502734e-02
0.000000000000000000e+00,5.421588801633080157e-02
0.000000000000000000e+00,5.421585629811988966e-02
0.000000000000000000e+00,5.421583920368057419e-02
0.000000000000000000e+00,5.421582951060145705e-02
0.000000000000000000e+00,5.421581214657718306e-02
0.000000000000000000e+00,5.421579295618810662e-02
0.000000000000000000e+00,5.421576692585373947e-02
0.000000000000000000e+00,5.421578591992729651e-02
0.000000000000000000e+00,5.421578734172499692e-02
0.000000000000000000e+00,5.421580452765220604e-02
0.000000000000000000e+00,5.421583191849107392e-02
0.000000000000000000e+00,5.421587516199906365e-02
0.000000000000000000e+00,5.421593449007107435e-02
0.000000000000000000e+00,5.421596880966875198e-02
0.000000000000000000e+00,5.421600752274889634e-02
0.000000000000000000e+00,5.421604366341589015e-02
0.000000000000000000e+00,5.421608333136213737e-02
0.000000000000000000e+00,5.421608812888260853e-02
0.000000000000000000e+00,5.421607301209547397e-02
0.000000000000000000e+00,5.421606989616496730e-02
0.000000000000000000e+00,5.421608396364356597e-02
0.000000000000000000e+00,5.421609754204501780e-02
0.000000000000000000e+00,5.421609173755685684e-02
0.000000000000000000e+00,5.421609133999264613e-02
0.000000000000000000e+00,5.421611823912332595e-02
0.000000000000000000e+00,5.421617123489633899e-02
0.000000000000000000e+00,5.421618654081961780e-02
0.000000000000000000e+00,5.421621097418161117e-02
0.000000000000000000e+00,5.421623962314602724e-02
0.000000000000000000e+00,5.421628142200951572e-02
0.000000000000000000e+00,5.421631970409058338e-02
0.000000000000000000e+00,5.421634355945750133e-02
0.000000000000000000e+00,5.421634745793384169e-02
0.000000000000000000e+00,5.421636256555189409e-02
0.000000000000000000e+00,5.421634729680673698e-02
0.000000000000000000e+00,5.421629793725181445e-02
0.000000000000000000e+00,5.421623258305281051e-02
0.000000000000000000e+00,5.421615913813983278e-02
0.000000000000000000e+00,5.421607893388706578e-02
0.000000000000000000e+00,5.421596027628414194e-02
0.000000000000000000e+00,5.421581332022594457e-02
0.000000000000000000e+00,5.421569817156061261e-02
0.000000000000000000e+00,5.421559879522504233e-02
0.000000000000000000e+00,5.421550967429652340e-02
0.000000000000000000e+00,5.421527097945709472e-02
0.000000000000000000e+00,5.421458066819401928e-02
7.525568333279458559e-04,8.295305459483832706e-04
1.115350932148654250e-03,1.940213988556832407e-03
1.510839837984047536e-03,4.398457641541648512e-03
1.713910733734249920e-03,9.334647598174500988e-03
1.633439529787225576e-03,1.768716738295684002e-02
1.385567353766309958e-03,2.740548808993661239e-02
1.025302037001965798e-03,3.638573297118260358e-02
7.711323968048855015e-04,4.378282935065397341e-02
5.684598414661002491e-04,4.895761553052337123e-02
3.726811491737207173e-04,5.163217109938868232e-02
2.247657569843180094e-04,5.292323879442242807e-02
1.252547652181078904e-04,5.352313980348125805e-02
6.359306060689906938e-05,5.398918465094460634e-02
2.501367640944427998e-05,5.419990563173646136e-02
0.000000000000000000e+00,1.018604293980713810e-05
0.000000000000000000e+00,1.139908439411937551e-05
0.000000000000000000e+00,1.272323726312104246e-05
0.000000000000000000e+00,1.342561646700823354e-05
0.000000000000000000e+00,1.383754251382559076e-05
0.000000000000000000e+00,1.396997730993210706e-05
0.000000000000000000e+00,1.383204734299197117e-05
0.000000000000000000e+00,1.343511593555996778e-05
0.000000000000000000e+00,1.272826072715093292e-05
0.000000000000000000e+00,1.138778346895218468e-05
0.000000000000000000e+00,1.017808439642135289e-05
0.000000000000000000e+00,8.552774221600037359e-06
2.079939314735597281e-04,2.944077991864592543e-04
2.646808937536180369e-04,7.070516610572387785e-04
3.011958035833940325e-04,1.258378495419348875e-03
2.844037330555045030e-04,1.890852735636670227e-03
2.490605938510393651e-04,2.585092088254165466e-03
1.981786118045441995e-04,3.327058099275583773e-03
1.287537976717105092e-04,4.115707307476489281e-03
3.838836422418365598e-05,4.952358204574172293e-03
-7.420207839032155609e-05,5.839824245404926818e-03
-2.095197653828853503e-04,6.781926748987338917e-03
-3.678117070503890548e-04,7.781768538158098485e-03
-5.489672995758548227e-04,8.839222957930131797e-03
-7.520184185106330724e-04,9.949544856437819371e-03
-9.751424445496433219e-04,1.110315596543605746e-02
-1.216743517049564136e-03,1.228521516489331292e-02
-1.476867672367733735e-03,1.347838991508554587e-02
-1.775850724899070716e-03,1.466563381902388080e-02
-1.791920823673350026e-03,1.379738901344724003e-02
-1.648457921555704451e-03,1.258270568649532198e-02
-1.495744073662346428e-03,1.137988578486966856e-02
-1.341421664633093112e-03,1.020408139010724018e-02
-1.191630855239665058e-03,9.070508518793537339e-03
-1.052975919447009245e-03,7.989599101967335623e-03
-9.291162820371095003e-04,6.967308148440124957e-03
-8.214829150079810656e-04,6.004894401871554467e-03
-7.301712391105418583e-04,5.099930852475105178e-03
-6.532878685075165642e-04,4.248610589956536635e-03
-5.871591029927497119e-04,3.447759640970857013e-03
-5.267592865522647888e-04,2.695437605364212497e-03
-4.669224355774474148e-04,1.991577332018294819e-03
-4.042960392013719728e-04,1.335925537042964963e-03
-3.079680145426724486e-04,7.812266697483330642e-04
-2.038750172194548748e-04,3.425636897750335792e-04
-9.295639682300889633e-05,5.266359488445430584e-05
-1.988078247816186628e-04,2.630219870474087606e-04
-2.588322044017816515e-04,6.531238545181333646e-04
-2.965887548438454432e-04,1.178912842042004541e-03
-2.812008584906079797e-04,1.782505212656175855e-03
-2.481592104774805172e-04,2.445201559324400309e-03
-2.002288929481753842e-04,3.153944118431730240e-03
-1.343532841376363584e-04,3.907507546882604474e-03
-4.819316028058124457e-05,4.706045593910099765e-03
5.919447269616937327e-05,5.551037741538949154e-03
1.878063181328114869e-04,6.445183342725596329e-03
3.375227581085270571e-04,7.391375197357996640e-03
5.081538357298231393e-04,8.390431308160880772e-03
6.991521359507418517e-04,9.438907138331446844e-03
9.092103948932268734e-04,1.052611596599897781e-02
1.136169382760285514e-03,1.163523517842945595e-02
1.379283585568469176e-03,1.275091772349669361e-02
1.657675882914965695e-03,1.386020789529439703e-02
1.673369908069217331e-03,1.304892735364310274e-02
1.540055827314923626e-03,1.191360725411275828e-02
1.398310444980123976e-03,1.078610199545174640e-02
1.254825867486772948e-03,9.678895466479400106e-03
1.114796708810663738e-03,8.608663210476959551e-03
9.850173657045325527e-04,7.587531418437342724e-03
8.694250214613367814e-04,6.620500834193135224e-03
7.691297521818887296e-04,5.707655468052174122e-03
6.839085885537340677e-04,4.846524647245815595e-03
6.118891330157610669e-04,4.034287299775601160e-03
5.495791139543802382e-04,3.269092332893278399e-03
4.923802520316520031e-04,2.550324920339788401e-03
4.356608339247357840e-04,1.878401458730583279e-03
3.762668022602801729e-04,1.252865670063564672e-03
2.849767375100101924e-04,7.242946358948465458e-04
1.853228345432940069e-04,3.073298680861017654e-04
7.417543650345744400e-05,4.461419492864772347e-05
0.000000000000000000e+00,1.972937319105884274e-05
0.000000000000000000e+00,4.962185006136749969e-05
0.000000000000000000e+00,7.838231121606823869e-05
0.000000000000000000e+00,1.092754064005999537e-04
0.000000000000000000e+00,1.466528532479919190e-04
1.035049043141054920e-05,1.149028530786615497e-04
9.437728987122094383e-06,1.230647123263642752e-04
5.983564532096252868e-06,1.233217918076578458e-04
3.820528690985193112e-06,1.205821662597649397e-04
2.412836892583223266e-06,1.172974731387045784e-04
1.098231836172310004e-06,1.133562997597148837e-04
2.538412229645794029e-07,1.092651338567671062e-04
-3.602174976453487960e-07,1.083198076430074759e-04
-1.708817437216730418e-06,1.102305776725176023e-04
-3.552648648458444676e-06,1.145329306697120524e-04
-6.024359651816750393e-06,1.179930266446723287e-04
-8.077215796699741175e-06,1.186881479381251148e-04
-9.708817648367224965e-06,1.178685497620515603e-04
-1.082448088207040387e-05,1.163493749001286485e-04
-1.242952071053132949e-05,1.145193155631827681e-04
-1.466902799831389241e-05,1.106051904820293762e-04
-1.344194889828942028e-05,9.965654312956752098e-05
0.000000000000000000e+00,1.376644482770367358e-04
0.000000000000000000e+00,9.853507040565548543e-05
0.000000000000000000e+00,6.736291125661231954e-05
0.000000000000000000e+00,3.888499834548146857e-05
0.000000000000000000e+00,1.516529237048044084e-05
1.276531385938441435e-04,0.000000000000000000e+00
-1.239950146266410479e-06,0.000000000000000000e+00
-6.807726057859440316e-07,0.000000000000000000e+00
-6.862291057628132095e-07,0.000000000000000000e+00
-7.705270285817547986e-07,0.000000000000000000e+00
-4.359224421473495796e-08,0.000000000000000000e+00
-8.234878151948908321e-07,0.000000000000000000e+00
-9.565618352366951215e-07,0.000000000000000000e+00
-2.891786021155941308e-06,0.000000000000000000e+00
-4.896860368126693988e-06,0.000000000000000000e+00
-5.806284016845680486e-06,0.000000000000000000e+00
-1.095058597984040801e-04,0.000000000000000000e+00
-3.656343217035149332e-06,1.113799023802660153e-04
-4.111350001791527231e-06,1.119028417872414751e-04
-4.515150319223579720e-06,1.124934995166961086e-04
-4.894574365522174403e-06,1.130889089922317307e-04
-5.288090127332261912e-06,1.136646338633439215e-04
-5.656250570636396611e-06,1.142632528527124145e-04
-5.952174049612689151e-06,1.148839557467170566e-04
-6.243773430973368560e-06,1.154526107985791869e-04
-6.493098607308482051e-06,1.159940166124865340e-04
-6.775293506369059993e-06,1.164861232900705720e-04
-7.075110733636539438e-06,1.169535032251422781e-04
-7.289766711598794816e-06,1.174178856031390445e-04
-7.462008547312792820e-06,1.177982407592011491e-04
-7.568048122215013463e-06,1.181013383533921382e-04
-7.721762964991094860e-06,1.183291390998559943e-04
-7.856624450052559930e-06,1.185802936951726126e-04
-7.972185068780330932e-06,1.188117819235063016e-04
-8.046478378528393636e-06,1.189768940728306164e-04
-8.108723174062899361e-06,1.190308234271330554e-04
-8.177049744320555219e-06,1.190328221095009263e-04
-8.226115294823808680e-06,1.190149166294482029e-04
-8.226168463450941453e-06,1.190222170803268044e-04
-8.237450758830244547e-06,1.189826159053713616e-04
-8.281890597608224656e-06,1.189350330212127568e-04
-8.293267455457009076e-06,1.188010704690864883e-04
-8.264914518245424191e-06,1.186972385468570913e-04
-8.218608638089216036e-06,1.185248641556425165e-04
-8.153491580422767170e-06,1.183495090846374163e-04
-8.090936114742014665e-06,1.181760325528516783e-04
-8.046909199149774062e-06,1.179894199750178545e-04
-8.036622193453826478e-06,1.178069556327442460e-04
-7.949327150136394199e-06,1.176506430838926968e-04
-7.791838380722276405e-06,1.174331422993664484e-04
-7.633181225175390884e-06,1.171188442707841017e-04
-7.551266606986125296e-06,1.167934384137978780e-04
-7.455652480646849447e-06,1.165082987553255355e-04
-7.363691917709089942e-06,1.161978553591505055e-04
-7.387228893630797998e-06,1.159178755161539549e-04
-7.375168361571737103e-06,1.155410752818460075e-04
-7.414952208947724422e-06,1.150950946497126230e-04
-7.604067479272948794e-06,1.146669424389753193e-04
-7.858313642766648612e-06,1.141568189551182616e-04
-8.242705184777310320e-06,1.136543250302883893e-04
-8.920276220656008900e-06,1.132491330180700011e-04
-9.781958858806985387e-06,1.128259982501852499e-04
-1.103241902406703674e-05,1.126182797687945956e-04
-1.256626863008268587e-05,1.127149975919246544e-04
-1.428995392890182257e-05,1.130436453552508826e-04
-1.623650398684195684e-05,1.136709294018449550e-04
-1.820894821260635302e-05,1.146947582260531343e-04
-2.038443225136770824e-05,1.160312053272292732e-04
-2.263286702163052231e-05,1.174843291187801641e-04
-2.498524787804575875e-05,1.194819228168905333e-04
-2.701252913555516705e-05,1.216332375494555488e-04
-2.917031636254511557e-05,1.245640208713720630e-04
-3.178187651314959744e-05,1.276015199711439958e-04
-3.350577677235209328e-05,1.309522948206200273e-04
-3.468697538262328830e-05,1.345195402826337809e-04
-3.591232492766003893e-05,1.386009042955807535e-04
-3.676061494508231671e-05,1.418216894867922685e-04
-3.744731504052003427e-05,1.451310809307229286e-04
-3.794051413550122124e-05,1.486686951266928539e-04
-3.865252146676059601e-05,1.528402392753973544e-04
-3.936749415386971043e-05,1.571370032165227343e-04
-3.962946780177468975e-05,1.614892796141745182e-04
-3.914746050089639069e-05,1.659018968927488270e-04
-3.691253839038242853e-05,1.695169269247297423e-04
-3.293310688456756017e-05,1.708912946062463272e-04
-2.836012675291503128e-05,1.703266458343283675e-04
-2.371502667926251738e-05,1.687998078444656060e-04
-2.076649670791492873e-05,1.678391567584355815e-04
-1.881859136430209613e-05,1.659358634773364289e-04
-1.813149540100987355e-05,1.630364710307601343e-04
-1.877880836570856450e-05,1.592128810900697664e-04
-2.053905028224803863e-05,1.546033272285385199e-04
-2.280457511480404718e-05,1.492845131950520899e-04
-2.497005777167445785e-05,1.431026615162168990e-04
-2.237397640147400710e-05,1.364871514521246820e-04
-2.116447020668688284e-05,1.285499567991995674e-04
-2.101305874024740760e-05,1.196539095711316304e-04
-2.050694782339581221e-05,1.097526286969279077e-04
-2.030612151895454492e-05,9.925320213457445250e-05
-2.057716285662022806e-05,8.877683894544865248e-05
-2.048745185706630245e-05,7.879323610910470954e-05
-2.048183358926157130e-05,7.001624056570196356e-05
-1.630586728941651347e-05,6.328133492392559506e-05
-1.087435535570001636e-05,5.647973261922889255e-05
-2.254784084225602424e-06,4.840310834574417778e-05
8.716152807412710124e-06,3.975860522083032845e-05
1.746654598282655139e-05,3.234083411552048120e-05
2.449917943487274605e-05,2.651933946079464643e-05
3.046953653811347067e-05,2.215898712797346822e-05
3.583159639767734056e-05,1.892156426099176947e-05
4.087886671787878602e-05,1.655900792499977303e-05
4.566704788140327106e-05,1.478279993086628061e-05
5.039155455928036586e-05,1.344983397565187450e-05
5.501122933644535463e-05,1.250539239080694317e-05
5.957643275873230552e-05,1.177463058890839063e-05
6.408828929198945258e-05,1.127066137400907871e-05
6.855733854561057311e-05,1.098219921242323247e-05
7.295944018858636394e-05,1.078101267241704261e-05
7.735031264692580097e-05,1.059693467049780455e-05
8.171670601252441842e-05,1.044259889745239214e-05
8.604277757121024694e-05,1.037075758697074885e-05
9.034227985480501653e-05,1.027592406032164952e-05
9.466063956177371748e-05,1.020384930068377342e-05
9.891074704000686710e-05,1.011737401252427450e-05
1.031574385014524901e-04,9.986837710510604625e-06
1.073247663214520594e-04,9.774037219320407525e-06
1.114234611970504326e-04,9.429319318624841448e-06
1.153038773796104965e-04,8.840770295365585823e-06
1.188154121102544166e-04,8.017044526617384965e-06
1.216835387890536491e-04,7.034619426974272025e-06
1.238225253710286582e-04,6.071053343063181922e-06
1.253233447970360486e-04,5.293132995045061017e-06
1.260199504266089159e-04,4.038229296567340243e-06
1.266987513999569704e-04,2.601666704041579508e-06
1.270295355672460620e-04,9.478792799830508413e-07
1.271313811626573447e-04,-6.364203530415272599e-07
1.252107751562889584e-04,-4.933080801606171889e-06
1.179764210345529896e-04,-1.025421210625846415e-05
1.089273210896860852e-04,-1.699903492613886265e-05
9.307364353707994308e-05,-2.328795852821105347e-05
7.729652803397640674e-05,-2.650558655878506795e-05
6.179789963391889253e-05,-2.604763335810328842e-05
4.945991392894340439e-05,-2.327060738431980673e-05
4.003703260567278315e-05,-2.038665537427616079e-05
3.057870004467524761e-05,-1.861052820596359705e-05
2.156341237821599328e-05,-1.718611756059133555e-05
1.328332467132271762e-05,-1.506616023101274287e-05
7.465085444800326739e-06,-1.232546348569663503e-05
3.659449733097276599e-06,-9.662723316982111961e-06
5.430586523757876236e-07,-7.346803905892072005e-06
3.368944430200726870e-07,-4.220908348863850685e-06
1.810286163328305679e-07,-2.695797125162288269e-06
2.622064716566666070e-07,-1.502899985659470514e-06
1.433849593876436952e-07,-1.165456396634999753e-06
-1.038979108540524543e-07,-9.463645626376179645e-07
-3.274959586046433418e-07,-7.490257581067143942e-07
-4.118709235464740076e-07,-4.698884338381538328e-07
-4.380444095398707190e-07,-3.173174571266776669e-07
-4.641788023910552197e-07,-2.079976598973626801e-07
-4.681127885074344393e-07,-1.854686227148681829e-07
-5.193118728589723239e-07,-1.417379138818767564e-07
-5.681222740688085342e-07,-1.322109527383059483e-07
-5.726497073709468877e-07,-1.037661858805113424e-07
-5.763232557466914824e-07,-7.594731576914028998e-08
-6.288356499303066133e-07,-8.249865393622688144e-08
-6.599101770067238448e-07,-7.197181957029277405e-08
-6.728663313445339280e-07,-4.196807897720369413e-08
-6.920552955806903689e-07,-2.152369476160028083e-08
-6.987631954135115199e-07,2.387423778061812487e-08
-7.256519391174863638e-07,5.728644158456480586e-08
-7.869976902005382575e-07,8.980096550921989257e-08
-8.495652612703200482e-07,1.231734969814690005e-07
-9.331753117606808299e-07,1.220577106174330206e-07
-1.029277821222926524e-06,1.697608655785483520e-07
-1.168139891099561157e-06,4.013352084085794184e-07
-1.406376222413760908e-06,6.259368558289804305e-07
-1.695571352427838634e-06,1.129320661726072426e-06
-1.967777827510539541e-06,1.863239395707826553e-06
-2.151079033265817681e-06,2.828062972125575614e-06
-2.131518627244664369e-06,3.876915157915169890e-06
-2.042785165529045371e-06,4.811716159713881789e-06
-1.852825353991630186e-06,5.785359903794746917e-06
-1.577636759888475920e-06,6.531583713631904328e-06
-1.327390969617744461e-06,7.134789769909363046e-06
-1.028898938850316862e-06,7.600848447271127851e-06
-8.434859230772920991e-07,7.936372618589426016e-06
-6.248351359422786354e-07,8.147332964772254811e-06
-4.663437434383151493e-07,8.280318662970643308e-06
-3.376233680847072288e-07,8.390469917360434966e-06
-2.219396624197491678e-07,8.487722874568679108e-06
-1.268982947352278906e-07,8.586746780943021432e-06
-2.615051043901557152e-08,8.553849115050393088e-06
7.283418079935001501e-08,8.518380340868621155e-06
1.541451370014083533e-07,8.485808119752240268e-06
2.310635099105326806e-07,8.443517012528926348e-06
2.914773663505222853e-07,8.376014722818497018e-06
3.468776970728104793e-07,8.309003502280977538e-06
4.003313110299164391e-07,8.186609255780212961e-06
4.677936558310978280e-07,8.051283533251754054e-06
5.619112946655619245e-07,7.898871922954806335e-06
7.101798430390348088e-07,7.699426692474310686e-06
9.213849965080546766e-07,7.403977586738414075e-06
1.150718574344269010e-06,6.944817478475157600e-06
1.337789935466629332e-06,6.269951876155306483e-06
1.457068405486517350e-06,5.439312948861317860e-06
1.491838353094089430e-06,4.263211371982473476e-06
1.409611043933983161e-06,3.167800703360884408e-06
1.211054396676484868e-06,2.192195269636795181e-06
8.782857867342488412e-07,1.451658833629716128e-06
4.056811021973104927e-07,8.728416364588104089e-07
5.142597517990011207e-09,5.354507176341810327e-07
-3.833184972979765770e-07,2.816570681461889405e-07
-8.063566699121626498e-07,2.217393172544083935e-07
-1.230596788664868046e-06,1.325649239014384904e-07
-1.635402376688508173e-06,1.948122814243280615e-07
-1.937661452761378885e-06,1.998708143982421657e-07
-2.244158863960862745e-06,2.048190520188069431e-07
-2.544692109782900303e-06,2.025248720608045588e-07
-2.845286254891320912e-06,2.286316568472134198e-07
-3.163273442591077664e-06,2.402797228081844981e-07
-3.477186162747831331e-06,1.925458803289463541e-07
-3.814261110375940128e-06,1.397290652683910359e-07
-4.212643392595524279e-06,9.476577038654789517e-08
-4.585473536180301240e-06,3.101610429837941067e-08
-4.969171795568567550e-06,3.353378260430498662e-08
-5.373992546130907657e-06,2.734720628382685668e-08
-5.657237360989058156e-06,-6.837254670426090556e-08
-5.920489951380830221e-06,-2.104710347156556722e-07
-6.188202342386683798e-06,-4.432066273611427703e-07
-6.505789684874727420e-06,-7.422716722960208815e-07
-6.973609600761596670e-06,-1.007703355449164735e-06
-7.454796589951217561e-06,-1.238961777712093040e-06
-7.777807493003852584e-06,-1.549107598417429855e-06
-7.983583552941226973e-06,-2.463663905690197654e-06
-7.870338892388734656e-06,-4.451075376603517830e-06
-8.657969851423646869e-06,-6.920218507838364989e-06
-1.170326655969554848e-05,-9.205548890482818412e-06
-1.527892313470906378e-05,-1.157865330329183875e-05
-2.064691836024590399e-05,-1.392736469221897843e-05
-2.799180500820140557e-05,-1.597144972768192056e-05
-3.590730149116848384e-05,-1.782290990362495625e-05
-4.431073817052379855e-05,-2.010768219537213851e-05
-5.268932716905739270e-05,-2.376553688100120108e-05
-6.396250827744737470e-05,-2.627748946838270801e-05
-7.807093728346838437e-05,-2.587593672284842282e-05
-9.349976100693794742e-05,-2.132852044591188132e-05
-1.060086632016783405e-04,-1.700323446189623081e-05
-1.153320114699643822e-04,-1.219152333878430998e-05
-1.208285773814886784e-04,-7.583414761228425060e-06
-1.231447145936108455e-04,-4.074193608030046371e-06
-1.236181504005332628e-04,-1.820546948092676019e-06
-1.233369876166390093e-04,-4.722012041465362562e-07
-1.227980354467900063e-04,3.331539356315580050e-07
-1.221697532033948522e-04,8.544790199515365377e-07
-1.215144942399125621e-04,1.240228982552883917e-06
-1.208512031473821073e-04,1.521222157960404656e-06
-1.201858950963824733e-04,1.748151437714292685e-06
-1.195188566999768178e-04,1.948775795007047159e-06
-1.188511121588904288e-04,2.124709594397508785e-06
-1.181816949235410329e-04,2.290178354173189593e-06
-1.175117125114900012e-04,2.440355904378907153e-06
-1.168109032323099106e-04,2.570562943599144036e-06
-1.160853524025397775e-04,2.779519688454557349e-06
-1.153312650807499369e-04,3.080913286240236470e-06
-1.145289310515776711e-04,3.517281608503576297e-06
-1.136649533531020978e-04,4.120445407765361649e-06
-1.127179060189045930e-04,4.938144889926365086e-06
-1.116351845878329585e-04,6.061778288369423406e-06
-1.103039579815616765e-04,7.638523999753544364e-06
-1.085936131927325881e-04,9.820157102353677806e-06
-1.061979615279160850e-04,1.283824440883594646e-05
-1.027182167042045227e-04,1.684994846107107597e-05
-9.762880624355346759e-05,2.177281953490876478e-05
-9.073646294813872035e-05,2.716502492143314389e-05
-8.225316431648134702e-05,3.245588023452481617e-05
-7.272057768698617357e-05,3.731729108623049312e-05
-6.126044932540720999e-05,4.210655911349912389e-05
-4.913314233194237337e-05,4.814566893487158658e-05
-3.435932547552774221e-05,5.522900025337248704e-05
-1.834923122155810162e-05,6.141874764107325122e-05
-3.156465879824660452e-06,6.678331435434987028e-05
9.140831073509922479e-06,7.128527611331160994e-05
1.689425129253920095e-05,7.556912756759879906e-05
2.066177844833900362e-05,8.119151401635479176e-05
2.078648170548596903e-05,8.942631199755795061e-05
2.063498566341914915e-05,9.931467827097648483e-05
2.005725823341106574e-05,1.096375277912093178e-04
2.009161327103842185e-05,1.200345993701089879e-04
2.059861115221796299e-05,1.297750352095224688e-04
2.060450166309071854e-05,1.384022294562622392e-04
2.215860821123729813e-05,1.458163994445696259e-04
2.369875147252357747e-05,1.542175483271385271e-04
2.208926350637553795e-05,1.607122140755160510e-04
2.046648146495891514e-05,1.664237514078209903e-04
1.943537208963958628e-05,1.714579904628607033e-04
1.958148694864119392e-05,1.757463546467178165e-04
2.112290289089706287e-05,1.791219005292023095e-04
2.398041488861793149e-05,1.815028068487314070e-04
2.785974751444438528e-05,1.829301242768221081e-04
3.343514760558160084e-05,1.848924014407252029e-04
3.895754701826580763e-05,1.859366991533766217e-04
4.395165931520151465e-05,1.850985226618302336e-04
4.723958077899123727e-05,1.819103484500744024e-04
4.885856388023270062e-05,1.778631807553507653e-04
4.984187418729965581e-05,1.738234002179354855e-04
5.043298620214616603e-05,1.697588515313063200e-04
5.104668688236621045e-05,1.654747517689543338e-04
5.143702907187780812e-05,1.609657377107917879e-04
5.161071672071994586e-05,1.565539778087573608e-04
5.125061158439697543e-05,1.516518689317606803e-04
4.939056850874805961e-05,1.467750776468101004e-04
4.681406427641092449e-05,1.417230762859737520e-04
4.443851528103038613e-05,1.377899641120031008e-04
4.122126022870252287e-05,1.342275622997410312e-04
3.776058671463946887e-05,1.308853118826733242e-04
3.452587887132832625e-05,1.282813113609078686e-04
3.121720053569242468e-05,1.258170473078116310e-04
2.829727481644985350e-05,1.242033680030430538e-04
2.548419072349966834e-05,1.226800099584264558e-04
2.291095528234596965e-05,1.216672433277618152e-04
2.048334509191782735e-05,1.207658629811461518e-04
1.842491547169942251e-05,1.203342882219938826e-04
1.650366117566219462e-05,1.200799635434412018e-04
1.489463140453879138e-05,1.198983295294181667e-04
1.362483825852056194e-05,1.198914619349547865e-04
1.259392265767784251e-05,1.199349511575089228e-04
1.169697125442741039e-05,1.199080586859201282e-04
1.110361297811329589e-05,1.200056293920374439e-04
1.064890137071080836e-05,1.199746727985269196e-04
1.023649614066663116e-05,1.198898090770463302e-04
9.896260166246300389e-06,1.197973379660506854e-04
9.600515796268946453e-06,1.197022597999414478e-04
9.372781284264218953e-06,1.196062114130375548e-04
9.106989879924530144e-06,1.194479734581792421e-04
8.823712019981548962e-06,1.191694741644587654e-04
8.554535979503306311e-06,1.188457191325945154e-04
8.360239636952022059e-06,1.185521095382162382e-04
8.175108065938073546e-06,1.181867962737007946e-04
7.981982754445788247e-06,1.178578874973689914e-04
7.798019889295907748e-06,1.174459041869434553e-04
7.557542863673410898e-06,1.169834989237068611e-04
7.256756098000174818e-06,1.164606286516307719e-04
6.982567617547979939e-06,1.159474169050742987e-04
6.666067309537503716e-06,1.154853104592415224e-04
6.321777537367638894e-06,1.150013562251596595e-04
5.987143568575570212e-06,1.144399056992239993e-04
5.675591950840436408e-06,1.138957902104354770e-04
5.344955545206304679e-06,1.133390874971797831e-04
5.017305973799188903e-06,1.127656708238869941e-04
4.658283244663990539e-06,1.121727754825206966e-04
4.260646003542375980e-06,1.116196877646738152e-04
3.855443257447964460e-06,1.111081213038495681e-04
3.409918061737918518e-06,1.105803093695497823e-04
2.923693833610299551e-06,1.102113737585713531e-04
2.405172057182014708e-06,1.097855936827307500e-04
1.943976870384114720e-06,1.094697257948279976e-04
1.553234048416941022e-06,1.092697880988934911e-04
1.146655313588608029e-06,1.091028798005416511e-04
7.493854173874464363e-07,1.089868069824741740e-04
3.384705575276669516e-07,1.088968982364232928e-04
-7.632875173019983149e-08,1.089080911885701174e-04
-5.047923407605170820e-07,1.090076567303895609e-04
-9.055447190924887581e-07,1.091112030831725314e-04
-1.288362667814004185e-06,1.093368705544135348e-04
-1.688555814048975269e-06,1.095739313256174316e-04
-2.066115994170116193e-06,1.097779438532111402e-04
-2.460664980506624830e-06,1.100709323488175437e-04
-2.856235730052246773e-06,1.104496686578132947e-04
1.238104280878383834e-05,1.202491478301466498e-04
1.033342841258392437e-05,1.202269023469262210e-04
9.345166138507358014e-06,1.199745602849121615e-04
8.611644996488444106e-06,1.194776684640135072e-04
7.944320078850448708e-06,1.185679225939359726e-04
-8.184396680806356485e-06,1.134117842040593987e-04
-7.459614852163980281e-06,1.147217573985161800e-04
-7.503666166772264634e-06,1.158428444310725041e-04
-7.759692167240439271e-06,1.167913278737004124e-04
-8.139078729947872169e-06,1.176497264655733914e-04
-2.575811312684273690e-07,8.368322504515604511e-06
1.427773956582995757e-05,1.209640707866308049e-04
-9.394282992965246690e-06,1.130246548307622132e-04
-8.211844525605565382e-06,1.179690054114584670e-04
7.529932410151517402e-06,1.178808675988676568e-04
6.745978270475783943e-06,1.169976667811310056e-04
-8.370861496667419461e-06,1.183430509354817050e-04
6.309927629780521053e-06,1.158754205932196872e-04
-8.340381290300996874e-06,1.186921068019966709e-04
5.583991197194562161e-06,1.146804039987032179e-04
-8.336254203247743709e-06,1.188801582129424760e-04
-8.231141230364245887e-06,1.190242003503904570e-04
4.904919638516571216e-06,1.135856489899505703e-04
-8.079241944938804924e-06,1.190386110073882745e-04
4.324393758192065634e-06,1.126298753291180623e-04
3.528675935740255803e-06,1.118335650490756832e-04
-7.882558455180658884e-06,1.189260242528428094e-04
2.711170272252426966e-06,1.103783630153371025e-04
-7.596662081623285412e-06,1.185479934976793088e-04
-4.654423120585129210e-05,-2.108876115041069017e-05
4.861773878359673657e-05,-2.143410874465512817e-05
7.815042224258055611e-05,-1.575511064527364131e-05
-4.506302073884421783e-07,8.142529229710069848e-06
7.545695160411305279e-09,5.421597597460824786e-02
-1.214444935290259701e-11,5.430192632304911560e-02
2.695508861782268224e-08,5.430189641098193132e-02
2.722720238374230228e-08,5.421615762469066818e-02
3.529514156670419185e-08,5.430194134403808909e-02
-4.732613223178372899e-08,5.421572569892674220e-02
7.230222801844866650e-09,5.430185272430410048e-02
3.666069568943392288e-08,5.421631119272452698e-02
6.533278012399343903e-06,1.250226355344853321e-04
2.154689572001635371e-05,1.236904960755736619e-04
-7.701028310237222624e-06,1.122503027926379860e-04
-1.599368040770122770e-05,1.166035227155121182e-04
-3.790028356211330945e-09,5.430189467240409407e-02
1.091040814663552226e-08,5.421628055725510875e-02
-1.359279826707427449e-07,5.421561742304875642e-02
1.424353324128457159e-07,5.430189520042704582e-02
2.677300676435393771e-07,5.430188752269757280e-02
-1.883911717667806196e-07,5.421532330906764924e-02
1.292741194803788167e-05,6.803669812033856696e-05
1.523483743056264765e-08,5.421627141681218537e-02
1.305018296586996693e-08,5.430194611162005719e-02
-7.624436587131441547e-09,5.421632063833419640e-02
6.719278236182146229e-09,5.430207913443799161e-02
4.548685035733154005e-09,5.430220546636137235e-02
-2.193760021693671751e-08,5.421626674959255376e-02
-1.331912745127652178e-06,4.142455088681594992e-06
-7.337899499422017713e-06,-8.156806004216600464e-06
-9.599147820230540727e-07,-8.642527230615253117e-06
-1.941926492727514262e-08,5.421608510501518818e-02
4.311558064281543502e-09,5.430189726139205558e-02
-2.802852365132595587e-09,5.421622770941343650e-02
-6.036742437006529826e-09,5.430185446860019693e-02
-1.634854641815371390e-06,1.094827888247580292e-04
-4.347855034576890062e-06,1.128378005772477552e-04
-1.680229170446579149e-05,6.171804703674820208e-05
6.113936249716038539e-09,5.421621497457671662e-02
6.912239011496559195e-09,5.430229551940047444e-02
-2.987568954536369877e-07,-9.762127794942146612e-07
-6.424166802708837727e-06,-9.787158939850097401e-07
-4.556527057531530026e-07,4.727647910441048547e-08
-9.743804965113191876e-07,7.846579962843322013e-08
5.942713703739774277e-08,8.353363915758358767e-06
1.225033054772847187e-08,5.430183403498391181e-02
1.421093268349139309e-08,5.421631291622248244e-02
-3.322382340483103001e-05,1.334378738733770116e-04
4.477723919840892523e-05,1.424253903012746229e-04
1.695977781671689961e-08,5.430192209501563672e-02
2.334977853885203926e-08,5.421631064912096898e-02
-1.381330463854146329e-09,5.421614767525383127e-02
1.858703989131244455e-09,5.430236793486421104e-02
-5.899780744576739187e-08,5.421582164056697184e-02
3.777022581618768230e-08,5.430187173308213128e-02
-5.703341295601983637e-07,5.421562383053313977e-02
4.779255068351509764e-07,5.430202440516505857e-02
-5.641949573408070483e-07,-1.245018390131957248e-07
-4.388272246112004326e-06,-1.024018793909634065e-08
-2.268152320662300980e-06,1.398091591475958608e-07
-7.049547666981491720e-07,-2.258651151947785728e-08
-3.089955511774597308e-09,5.421610441910335032e-02
-7.632621652208112906e-09,5.430247903185763531e-02
-1.589479005513792648e-05,1.124329390407160324e-04
1.677638470738968652e-05,1.240389261946422831e-04
-6.214697969141572790e-06,1.162484862735673407e-04
-6.819940096316162134e-06,1.173383600394150775e-04
5.354650380817320252e-07,1.088729058847601059e-04
1.117106382946545694e-06,1.090890846565303738e-04
-1.690866386220430179e-05,8.175861749087791396e-05
1.650401349090367266e-05,9.103977258853452313e-05
5.919693088181995659e-08,8.628679972661511399e-06
-9.485717557998526993e-09,5.430254882063829253e-02
-1.376813697296219822e-09,5.421608995745410414e-02
6.372250132344583919e-06,1.225319937637768856e-04
-9.555711081704754823e-06,1.159315730214353403e-04
-4.928040589627748474e-10,5.430199588291240859e-02
-4.025902384413565858e-10,5.421632342954761652e-02
2.985727512724423220e-09,5.430266229239146675e-02
7.462452978397774367e-09,5.421607565944469576e-02
7.295970239930675873e-10,5.430214423951202490e-02
-2.317849570825946626e-08,5.421624656852221114e-02
2.627037205908614555e-08,5.430272869901423688e-02
1.778242353097533084e-09,5.421606261924636488e-02
-3.914848452885667029e-09,5.421622804642640264e-02
2.677331036550687842e-09,5.430226026850036580e-02
5.367733210472471862e-06,1.194821838824589071e-04
-9.126560937777710147e-06,1.173535948116425666e-04
-4.959963402922767646e-05,3.695880176780241914e-05
1.595909402852692917e-08,5.430236214642247816e-02
4.895603702854132803e-09,5.421617204132668510e-02
-1.591596049538620230e-08,5.430280500395186921e-02
2.870231903613567156e-09,5.421599859501811253e-02
9.081845250359333875e-06,4.175195290176591042e-05
1.726886621125893169e-09,5.421609577822650294e-02
-1.298860715680487845e-08,5.430248759151881655e-02
1.271638653187429178e-04,3.138537273965948008e-06
-7.500561594584067376e-06,1.186889912623250977e-04
2.033856402360028125e-06,1.108125481073607768e-04
-3.493067279439645396e-05,-1.674808647739605457e-05
2.929141931536376371e-05,-1.659429685324128581e-05
4.245072751819887747e-05,-1.679589441762091069e-05
1.918351053752841948e-09,5.430284115248507765e-02
-1.891758222757981071e-09,5.421592791682607743e-02
1.851056012308400017e-08,5.430271202176618905e-02
5.679141554949020336e-09,5.421605077096345454e-02
-8.340870169946377783e-06,1.189196265458656226e-04
4.580160041320913675e-06,1.146539451344461447e-04
-6.567718888342635984e-07,-6.186366349836288471e-08
-3.101337760605352878e-06,1.621411628257974354e-07
-2.293044506011928962e-06,1.100428829618639440e-04
-3.473093019650691583e-06,1.115016078860779836e-04
-3.850948529080490167e-06,6.831478593877410728e-08
-6.097994846867666923e-07,-6.458520856288153654e-08
-9.894233669131909413e-06,5.781368597776220721e-05
-1.333210059517039731e-08,5.430280320566359398e-02
-1.276963773902729105e-08,5.421602102214369279e-02
1.354565985470001345e-09,5.430286610685580023e-02
1.738985202984352185e-09,5.421588991863407481e-02
1.007395852346221997e-05,6.943309571094148907e-05
-8.419587306983863434e-07,8.247340446994089012e-08
-9.460718787629391824e-07,4.634790306333335295e-08
-5.812778004662569395e-06,-3.075712936753005898e-07
-4.029820662351576836e-07,-3.773260726641187199e-07
1.597760004162040787e-07,5.430195094080342288e-02
3.426987210876296190e-07,5.430196130488884609e-02
8.080070565194459543e-08,5.430197239402946574e-02
6.208572135922197251e-08,5.430192826105251919e-02
3.105500484275887568e-08,5.430191297726361110e-02
-1.129961248801696715e-07,5.421553966440956218e-02
-2.589418134877911602e-07,5.421555546236161982e-02
-9.441600286981363616e-07,1.090136538057872006e-04
-5.015325700572967520e-06,1.140613523456062551e-04
3.901090258403582755e-07,1.088085551527730687e-04
-5.697485296242686059e-06,1.166500785753783845e-04
1.767735837876316476e-06,1.095458246788809115e-04
-7.234313804314217057e-06,1.181010290754387252e-04
1.102544891731936834e-04,-6.633062419737981914e-06
-1.599880844452296371e-07,5.421562588652249076e-02
-8.347927408028832468e-08,5.421564466328079174e-02
-9.531920079826033253e-08,5.421574677909656026e-02
-4.253744633373836850e-08,5.421586044517337499e-02
4.622122696766413547e-06,1.172782901554061692e-04
-8.857214861644752265e-06,1.181440581679521571e-04
-1.401661372671970394e-09,1.366198461827918600e-05
5.541306876679035347e-07,5.430190347265495543e-02
1.586126252255786201e-08,5.430192621127334640e-02
5.487865262550394668e-09,5.430190049726472956e-02
-1.077713154202911811e-08,5.430188872566762276e-02
-4.434369947003050895e-07,5.421547759066578515e-02
-2.482930257440555222e-07,5.421496647616776132e-02
9.055534518276476652e-06,-1.395614048385715042e-05
-1.676231095138384317e-05,-1.287080268933849849e-05
1.750203351924441774e-07,5.430195505156959479e-02
1.379588404832697363e-09,1.208235826446313214e-05
8.997161784322406453e-06,8.978595572147873155e-05
1.234906539317817155e-04,3.072393530551095655e-04
5.189823823581194762e-05,1.664989154499754047e-04
5.058080433943816680e-05,1.853901898117590419e-04
-1.040341348616585977e-04,2.858343825357324754e-04
-3.795053381109449013e-05,1.485634786370891038e-04
-4.223954426186502111e-05,1.713790809164290614e-04
-3.637070187964103422e-07,5.421552124276117490e-02
-1.498784450064624035e-06,1.583686029767244995e-06
-7.910445006102866745e-06,-2.854269312988456526e-06
1.528604597868634633e-07,-3.677569546993175793e-06
-2.142781069995699248e-08,5.421585370361339806e-02
-9.711460688972936007e-09,5.421600109914884863e-02
7.741635158880168785e-09,5.421608424944274196e-02
7.973066765091998349e-06,1.282197353081393281e-04
3.401669559365225214e-05,1.326724402881148247e-04
7.268936142127530134e-06,1.250254399866063289e-04
-3.511297873398452732e-06,1.134310854113389227e-04
-2.497455624547205159e-05,1.222854387325574715e-04
-5.724510337216585171e-06,1.149674767152825773e-04
-4.171059033356256037e-07,1.088012858983625648e-04
-5.501511079577438273e-06,1.151716449894918414e-04
-9.354152162459980450e-06,7.968944429974384868e-05
1.878597413084506405e-09,5.430282592710704986e-02
9.065712467553859587e-09,5.421595285456932978e-02
3.890307947181099320e-09,5.430190307932392102e-02
1.597702356283617034e-08,5.430187587853616688e-02
2.107461407450488684e-09,5.430189804239076573e-02
1.476718839695373499e-08,5.430187329750359171e-02
2.567174056895305607e-08,5.421622445124155837e-02
5.533711589409017505e-08,5.421621830928263081e-02
5.367171230707859980e-08,5.421626106773429904e-02
3.927612729130859790e-08,5.421615414808279854e-02
1.210733081894430220e-08,5.430191355369521494e-02
1.470091145276875167e-08,5.430190752087084294e-02
6.272955647709499740e-09,5.430193926351624401e-02
-8.450804420181924375e-09,5.421611527504355960e-02
3.003752945819630084e-07,-1.501996150823538993e-06
-7.472848971374965104e-06,-1.451301235767814097e-06
3.098096555491984931e-07,7.514258480502013922e-07
-1.180515244744241891e-06,5.768338096624065100e-07
-4.237757928386370861e-08,9.335246903643456618e-06
2.204715407988303696e-08,5.421627850308271407e-02
4.193582952387931729e-08,5.421629594945897440e-02
3.641979252626721919e-08,5.421630620918660437e-02
2.078141965066813516e-08,5.421608061538698425e-02
8.120640502782860517e-09,5.430190918427420244e-02
-5.053904256066630356e-06,1.154470477294298726e-04
1.141503837683997659e-05,1.114651675526202201e-04
-1.125512288073175348e-05,1.004261039123941282e-04
-4.468903027396420707e-07,-2.088427550857254227e-07
-5.352753300435042287e-06,-6.062410628991075224e-08
-1.614693226252684292e-06,1.560480760198283066e-07
-7.582563325338555352e-07,5.237306887187927939e-08
3.705332782481203580e-07,5.430192264801099455e-02
-1.395940515510298513e-08,5.430188562767269966e-02
2.340445399288378897e-09,5.430195268073059744e-02
-4.035350421288829220e-09,5.430196395973260759e-02
2.070286570722853818e-08,5.430198542861613270e-02
2.223491743266535451e-09,5.421633181194439322e-02
4.441997751565225350e-10,5.421629924234804693e-02
-2.114295871216455568e-08,5.421627995677471418e-02
1.037457907748322234e-08,5.421629962523349944e-02
2.567545667717518344e-08,5.421629818420419661e-02
-9.424433178386258035e-07,5.337031203806044200e-05
1.758753165434207130e-05,7.358533730504742635e-05
-1.834079173677828309e-08,5.421629876729885944e-02
1.748958824050588940e-09,5.430214909141433538e-02
-1.281050792855645478e-09,5.430210179990837410e-02
1.121190407680594061e-08,5.430204034721654305e-02
1.001119724358996927e-06,1.092574046709575381e-04
-6.551498964948836913e-06,1.177684135496483576e-04
-3.375861149712402865e-09,5.421623929310515760e-02
-5.224642652754399646e-09,5.430226030921125879e-02
1.341002665454094201e-08,5.421632847579824915e-02
8.212942170068181935e-09,5.430233181124607955e-02
6.849539944830022624e-09,5.421618825745221082e-02
-9.421606390394239016e-06,1.148636354400372871e-04
-7.129228880943785300e-06,1.151071289159491312e-04
-7.953166538992255787e-06,1.158807299177900098e-04
-7.037401973455520782e-06,1.148670396636109338e-04
6.762014435957623865e-06,1.245007822091861668e-04
7.107508767596917951e-06,1.232136132984172606e-04
7.469433018458777746e-06,1.213035384211645060e-04
8.255256417626489449e-06,1.220263530253169737e-04
-1.275976079318576383e-06,1.092100573011503897e-04
-3.748008087926296336e-06,1.129152845773009997e-04
1.474442062726347556e-08,5.430202861489901583e-02
6.036178686462004064e-09,5.421611252481085830e-02
4.193784119700490016e-09,5.421613679328552565e-02
1.365097839672827387e-09,5.430240725732145973e-02
-5.364801475673471820e-09,5.430239373067912573e-02
1.156241756161438706e-09,5.430243792621011756e-02
-1.133487456849299899e-09,5.421609967785532419e-02
5.928950911741553924e-09,5.430205532620824976e-02
-5.757830186884642576e-09,5.421586783083773287e-02
-2.747789668601633864e-09,5.430287383596845568e-02
4.948621754573120499e-09,5.430265830438160690e-02
1.225201045000175642e-09,5.430259706233620670e-02
-7.388530047803028909e-09,5.430257905038475552e-02
5.984125550650347928e-09,5.421607052377595826e-02
5.128249644601590028e-09,5.421608229336777329e-02
1.530781069436670121e-10,5.421608018137361734e-02
-1.517405080420349073e-08,5.430251235176208890e-02
-8.200747845497621157e-09,5.421609955464063574e-02
-1.134069303038462048e-08,5.421626678305218466e-02
5.790196001988379950e-10,5.421620549543555712e-02
7.833147609073065011e-09,5.430230779688587084e-02
1.514542576648456802e-06,1.097988449472065163e-04
2.305032119798872465e-09,5.430224596528431674e-02
-1.243555915207779886e-08,5.421625612280080164e-02
1.050607785491149812e-08,5.421607707489145556e-02
-2.600155878158961165e-09,5.430270700742372003e-02
-1.037591229494651439e-06,6.330666245289348638e-06
1.813119819436025844e-08,5.430278115194334121e-02
6.950481425582996286e-09,5.421603367249449440e-02
6.211692720331732855e-06,1.183909223254128181e-04
7.049808072870369012e-06,1.194496397134497213e-04
-8.720958200830121096e-06,1.178533259022011387e-04
-8.548008331382621707e-06,1.170413854685690036e-04
-4.249946635339875893e-09,5.430190392700173785e-02
1.087634948082822135e-08,5.421627015821313400e-02
-6.454029721977090075e-07,5.421629906916528713e-02
3.912839437647272356e-07,5.430255665716486602e-02
5.732433313944382921e-09,5.430188595911726590e-02
3.134176309919349155e-08,5.421629920860932678e-02
6.296880788244388019e-09,5.430184386241469069e-02
3.390541612503765880e-08,5.421632154507142337e-02
-1.604690024867871955e-05,9.237225778524713071e-05
-1.717812929082594697e-05,7.182678471533805124e-05
1.772120614643993018e-05,8.225098912375776027e-05
1.586125508107671670e-05,1.027002133462479516e-04
5.376265819613545847e-09,5.430217534081760444e-02
-2.779614675405558632e-08,5.421627140269093259e-02
-5.678867641224663321e-09,5.421583767525553488e-02
-6.221218978891786174e-09,5.430287783720920414e-02
2.297262746921117989e-09,5.421628161953939012e-02
1.014532601489046090e-08,5.430182818154580260e-02
1.846526554339421770e-07,5.430185103912348044e-02
-6.980530593650752364e-06,1.182747388685731493e-04
-7.705886606638454791e-07,7.425755931579949516e-06
-5.506952349566212236e-09,5.430276296963688909e-02
-6.381068362453497421e-09,5.421604095095961667e-02
-1.668925876210909672e-05,1.026955828020085219e-04
-9.302445694843290781e-06,1.150835217029615615e-04
-1.577983341104260010e-05,1.266582252496768540e-04
-6.889624063542617786e-08,5.421570009824527164e-02
6.200397221074547150e-08,5.430187052094378325e-02
-7.807028201793719086e-06,1.138325449622491997e-04
-7.532093081470786897e-06,1.137090328262188940e-04
-7.404990630615407909e-06,1.142153377493767825e-04
-7.014009595697203266e-06,1.141857598579176677e-04
-6.959566132802774417e-06,1.140604244617258610e-04
1.154334006831468392e-05,1.201645697638786250e-04
1.105271480928845951e-05,1.208039705901372212e-04
1.042313988408802836e-05,1.205374385800917603e-04
9.439982322738541866e-06,1.214892441296686038e-04
1.016942874446003849e-05,1.221666651256640950e-04
9.230381582508217293e-06,1.208325696141899201e-04
9.642228631432344226e-06,1.203135701190170169e-04
8.839963444195362240e-06,1.206107150952388411e-04
8.562091612402575495e-06,1.201779135659951765e-04
7.671512772328844773e-06,1.201687685440442743e-04
1.431191994296327367e-05,6.074826761617355386e-05
-4.118832322924288118e-08,5.421596829021740199e-02
1.514950922586128144e-08,5.430189810100632258e-02
-1.230973219481020569e-08,5.421624150498090960e-02
-1.844841259587968970e-09,5.430221240504419511e-02
1.608421022192875957e-05,1.348250966053967076e-04
9.372488029125914977e-06,1.252300787872339175e-04
1.671251146864444740e-05,1.133985793700209268e-04
-7.439540934930035537e-06,1.151371685751394354e-04
-7.404278721060121324e-06,1.148618857901273743e-04
-7.489329861391531055e-06,1.154235262097191454e-04
-7.640932192593109272e-06,1.158301435861747229e-04
-7.633204800376926777e-06,1.162153680959378157e-04
-7.907122066445173693e-06,1.162657245132375842e-04
-7.400748260277252810e-06,1.152055749215081116e-04
-8.117522067733943354e-06,1.167845833083288427e-04
-8.303860948144280656e-06,1.164619590910876583e-04
-8.023724559560356108e-06,1.171268022128994378e-04
-7.606698740317787739e-06,1.142781665842947179e-04
1.099725964478470347e-05,1.201300715448684218e-04
9.204649330182921785e-06,1.198357498182573094e-04
-7.468886552209102893e-06,1.155559154979905821e-04
-1.034331447129744002e-09,1.079657867996895185e-05
8.886190179410176333e-06,1.197337615595701535e-04
8.364565287918521999e-06,1.198095990113749574e-04
8.037987385112070331e-06,1.194290963596035624e-04
6.661811769377924210e-06,1.207619367060584672e-04
1.257477008090377552e-04,1.119312645827895344e-06
1.950476023327176646e-08,5.430190679858867830e-02
4.968720004016235652e-10,1.311121075294847782e-05
-2.611383957109007723e-08,5.421598093082332509e-02
-1.179328408972143520e-08,5.430282420209548572e-02
2.387562285354036320e-09,5.421599500684592260e-02
-4.197784131098048295e-09,5.421623184692375697e-02
5.793164378019675796e-09,5.430228005780993877e-02
8.394416640944771924e-06,1.191726620038417359e-04
5.886710002248718033e-09,5.421619370806426974e-02
8.185005280486551898e-06,1.189379083214926497e-04
7.729436792279058085e-06,1.189879692782932390e-04
7.321858072803187656e-06,1.184868242009673396e-04
7.810447382383226440e-06,1.181817050430588462e-04
1.295801277202667247e-08,5.430186820012478099e-02
6.247461852224368448e-07,5.430216549861991565e-02
-2.206096393173338814e-07,5.421557277474043507e-02
-6.518766163571691683e-06,1.146152539931237469e-04
-7.452257059793059982e-06,1.142968265537033481e-04
8.446242147016286993e-09,5.421620648136022541e-02
1.184755188044459903e-08,5.430232170830531085e-02
8.093809217565926632e-06,1.230913395969693378e-04
6.838367961087390683e-06,1.246927424822096714e-04
-2.656556438006859864e-07,7.811383525739031727e-06
3.882438740839943862e-09,5.421616688557576863e-02
-8.260158707316218944e-06,1.173624952763550493e-04
-8.289463521513679023e-06,1.177086954286403383e-04
1.063978599040733294e-08,5.430235849093269923e-02
5.493866125490649630e-06,1.212634999343696802e-04
-1.354330186816050750e-09,5.430244302251712590e-02
7.681363988146197076e-09,5.421611861699790480e-02
1.109017334529120972e-07,5.430193433413064291e-02
1.218687029037258413e-05,1.210907064850875076e-04
1.255127796153007533e-05,1.226933889075689627e-04
1.780534522944526412e-05,1.221447493819693758e-04
9.806913241340284618e-06,1.248750830690722774e-04
1.557805852853866329e-05,1.280901417910440500e-04
3.245840129525268358e-05,1.446464973404378051e-04
8.295453352511433884e-05,2.038747089392691533e-04
1.638757771674601799e-05,1.211724407343288726e-04
-6.730628971789582664e-06,1.148843220879618989e-04
7.063598393026247667e-09,5.430282297292872429e-02
5.686117179406782519e-09,5.421596794913049328e-02
-1.581635570770175688e-05,1.197523682253963292e-04
-3.183557614540016964e-05,1.323773134826335520e-04
-2.017766533800141899e-05,1.182465585340482006e-04
-6.209258467044199916e-05,1.904549923194111608e-04
-2.007233401835678343e-05,1.208047337434875766e-04
-2.606328877554934536e-05,1.297509152678518883e-04
-3.928803479211884610e-05,1.457299229010684881e-04
-1.966781069833092029e-09,5.421581668812010951e-02
-6.914818790663142114e-09,5.430287059846776454e-02
-1.088142686901162602e-05,1.132428492660621493e-04
-8.485028962719454431e-06,1.136791981019453097e-04
-1.153275345868634432e-05,1.145046365610059874e-04
-1.258123655447023644e-05,1.135624836294419628e-04
1.336068186405404928e-05,1.204035514172383463e-04
-8.808751112509179409e-06,1.131508648031671058e-04
2.462181321962330532e-08,5.430184681601900321e-02
1.817961542836548681e-08,5.430199209726532805e-02
3.206744273168602545e-05,1.287265924292866584e-04
-9.102357473825146972e-06,1.165880369113242194e-04
4.779538458138591316e-10,5.421614995377142115e-02
-7.227365802819857453e-06,1.146185955797868292e-04
3.758966500033959919e-09,5.421626794633680607e-02
-3.147606886565241748e-09,5.430240743043889678e-02
-1.194488749832681045e-07,5.421568631639613750e-02
3.627979340423737655e-08,5.421624372321377783e-02
-6.386354492015684388e-09,5.421616893007610155e-02
7.853867478402431170e-09,5.430187331227927239e-02
4.638703443226651056e-08,5.421626073836984666e-02
6.033302970160003890e-05,-2.168030968739731760e-05
2.505584583489136403e-06,1.127668991616718336e-04
-7.964849242462413145e-06,1.189552784496245659e-04
3.984168060027352726e-05,2.337134113488528039e-05
-3.266077023194874602e-09,5.421607589998053006e-02
1.262266179129519137e-09,5.430261672958291985e-02
4.970212945880452834e-09,5.430187492689302758e-02
3.864117168129816288e-09,5.421611748101148182e-02
5.819705390852452917e-06,1.172167027228498645e-04
-8.603032038832670667e-06,1.182578928672283164e-04
9.749311932814469256e-06,1.200410896224254729e-04
-1.825283044916500529e-08,5.430253329517619604e-02
-2.218976922550152389e-09,5.421609459096080053e-02
1.263112244065813821e-10,5.430243243629741950e-02
-4.514488810205147474e-09,5.430188320308267785e-02
4.454093532771347791e-08,5.421629094618191091e-02
-7.648510503664164676e-06,1.165302127912002934e-04
4.852661404327951148e-06,1.160554275846525257e-04
-8.537570931851013909e-06,1.186302914629303772e-04
-3.600653055106455696e-09,5.430284382709122531e-02
-4.094924090581340447e-09,5.421591382393033814e-02
1.577935129584145534e-05,1.246800663034468694e-04
-1.408264893661472243e-05,1.142936002146519855e-04
8.290689683139659003e-05,-3.951420470266616233e-06
-2.950527721329571572e-09,5.421610415740428512e-02
-1.261225440599363896e-08,5.430249146763254514e-02
-7.163220509509096761e-08,5.421584517945973042e-02
-5.132498356265268226e-07,5.421531714979148375e-02
3.803199254331095765e-06,1.133417363417692269e-04
1.523929539619134449e-05,1.225828183714143223e-04
-8.134574848663989378e-06,1.178375664777369416e-04
-8.041795234296280368e-06,1.174563703867384458e-04
-2.096790700218561766e-09,5.421628479016753210e-02
-1.070778613887662386e-08,5.430193182689996984e-02
1.849847399634008660e-08,5.421628689570771181e-02
1.470637786319515036e-08,5.430189867984550750e-02
3.158056841257516835e-08,5.430190292188811357e-02
-8.604700850034670200e-06,1.186921316030254688e-04
3.266731492996502806e-06,1.149863309365354452e-04
2.747465378255480826e-05,1.374044103657443027e-04
5.698327316184206333e-05,1.621976825333179420e-04
2.796125256697926532e-05,1.269379387062404864e-04
2.283890912985391547e-05,1.283029855948012810e-04
5.218959618991746678e-05,1.567322559945549842e-04
3.522038119888150571e-10,5.421608708752764794e-02
-1.081535292090856284e-08,5.430253253069029090e-02
2.184173717026943661e-09,5.430193790450231484e-02
1.192047242352045578e-08,5.421628313610238337e-02
-8.445007554699221161e-06,1.179849285750504841e-04
6.796525662987144247e-06,1.178094824404863332e-04
3.965584221890497456e-05,1.459140374346587520e-04
4.830706326588085961e-05,1.504405862193772974e-04
7.308540140675056368e-06,1.174274645508019459e-04
-8.252780818993312654e-06,1.181686355482477075e-04
6.657631587842541898e-06,1.163637269332509907e-04
5.970671917295193470e-06,1.163846422072623064e-04
5.503680862734606856e-06,1.155931667209812480e-04
-8.338664265426864541e-06,1.185428707447880585e-04
-8.482637048510641045e-06,1.185236593877299544e-04
-7.526163114537977586e-06,1.153542984373463081e-04
-8.297510300014535357e-06,1.156972477066750776e-04
-8.974287539832746889e-08,5.421574821004117306e-02
5.338989492882941972e-09,5.430263633246155963e-02
3.580036936596258891e-09,5.421607829985433669e-02
8.122740860336281137e-06,1.215698353203682828e-04
6.620587996428130107e-08,5.430189930272884963e-02
2.504710866230601919e-07,5.430193140639131416e-02
-1.572284000138887515e-07,5.421550637176030668e-02
-5.549954569919709030e-09,5.430285637200688020e-02
-2.894747645241092037e-09,5.421589845035893612e-02
-8.586139997702616348e-06,1.161638400265694281e-04
3.343369902149160168e-09,5.430286820911550683e-02
2.674318782242771882e-10,5.421580094642943631e-02
-8.537921711728248974e-06,1.175455421198440655e-04
1.285261063111356921e-08,5.421607236478466485e-02
4.998973985652212086e-09,5.430268696402705542e-02
1.415675383333923273e-05,8.132884787729847281e-05
1.498690279480293324e-05,7.336582782796438097e-05
-8.135390559230028124e-06,1.134137322766975379e-04
6.100752183917262960e-06,1.153636278585767070e-04
1.014274546786206712e-05,1.200835630834336216e-04
-1.048701403581880421e-08,5.421623725674692973e-02
-1.181524711489093084e-05,1.611889222381277594e-04
-2.019185524654780017e-05,4.503736475579929108e-04
1.989553804286112764e-05,4.773302583925606427e-04
-1.388315980964083095e-05,7.405342201407578854e-05
-7.837597071196222170e-06,1.165013804148478852e-04
-5.757050104386593207e-07,1.086810354582972262e-04
-8.323717427596848461e-08,1.086564063480374508e-04
-4.512552722731483279e-06,1.144596443148746705e-04
-7.885034941528821630e-06,8.564174476308874856e-04
-8.732115453488272406e-07,9.187369706587601497e-04
2.131817816512101951e-09,5.430210141092502163e-02
