Number of nodes 663 
     0 :  5.3000000e+00 -1.5000000e+00 
     1 :  5.3000000e+00 -1.3000000e+00 
     2 : -6.3000000e+00 -1.5000000e+00 
     3 : -1.3660254e+00 -1.5000000e+00 
     4 :  3.6602540e-01 -1.5000000e+00 
     5 :  4.5393920e-01 -1.3000000e+00 
     6 :  5.0000000e-01 -1.0000000e+00 
     7 : -1.4539392e+00 -1.3000000e+00 
     8 : -6.3000000e+00 -1.3000000e+00 
     9 :  3.0000000e-01 -1.0000000e+00 
    10 :  5.2778836e+00 -1.4896715e+00 
    11 :  5.9095931e+00 -1.2242753e+00 
    12 :  5.9582491e+00 -1.0269980e+00 
    13 :  5.3265396e+00 -1.2923942e+00 
    14 : -6.9095931e+00 -1.2242753e+00 
    15 : -6.2778836e+00 -1.4896715e+00 
    16 : -6.3265396e+00 -1.2923942e+00 
    17 : -6.9582491e+00 -1.0269980e+00 
    18 :  5.3000000e+00 -1.4000000e+00 
    19 : -6.2013205e+00 -1.5000000e+00 
    20 : -6.1026410e+00 -1.5000000e+00 
    21 : -6.0039615e+00 -1.5000000e+00 
    22 : -5.9052820e+00 -1.5000000e+00 
    23 : -5.8066025e+00 -1.5000000e+00 
    24 : -5.7079230e+00 -1.5000000e+00 
    25 : -5.6092436e+00 -1.5000000e+00 
    26 : -5.5105641e+00 -1.5000000e+00 
    27 : -5.4118846e+00 -1.5000000e+00 
    28 : -5.3132051e+00 -1.5000000e+00 
    29 : -5.2145256e+00 -1.5000000e+00 
    30 : -5.1158461e+00 -1.5000000e+00 
    31 : -5.0171666e+00 -1.5000000e+00 
    32 : -4.9184871e+00 -1.5000000e+00 
    33 : -4.8198076e+00 -1.5000000e+00 
    34 : -4.7211281e+00 -1.5000000e+00 
    35 : -4.6224486e+00 -1.5000000e+00 
    36 : -4.5237691e+00 -1.5000000e+00 
    37 : -4.4250897e+00 -1.5000000e+00 
    38 : -4.3264102e+00 -1.5000000e+00 
    39 : -4.2277307e+00 -1.5000000e+00 
    40 : -4.1290512e+00 -1.5000000e+00 
    41 : -4.0303717e+00 -1.5000000e+00 
    42 : -3.9316922e+00 -1.5000000e+00 
    43 : -3.8330127e+00 -1.5000000e+00 
    44 : -3.7343332e+00 -1.5000000e+00 
    45 : -3.6356537e+00 -1.5000000e+00 
    46 : -3.5369742e+00 -1.5000000e+00 
    47 : -3.4382947e+00 -1.5000000e+00 
    48 : -3.3396152e+00 -1.5000000e+00 
    49 : -3.2409358e+00 -1.5000000e+00 
    50 : -3.1422563e+00 -1.5000000e+00 
    51 : -3.0435768e+00 -1.5000000e+00 
    52 : -2.9448973e+00 -1.5000000e+00 
    53 : -2.8462178e+00 -1.5000000e+00 
    54 : -2.7475383e+00 -1.5000000e+00 
    55 : -2.6488588e+00 -1.5000000e+00 
    56 : -2.5501793e+00 -1.5000000e+00 
    57 : -2.4514998e+00 -1.5000000e+00 
    58 : -2.3528203e+00 -1.5000000e+00 
    59 : -2.2541408e+00 -1.5000000e+00 
    60 : -2.1554613e+00 -1.5000000e+00 
    61 : -2.0567818e+00 -1.5000000e+00 
    62 : -1.9581024e+00 -1.5000000e+00 
    63 : -1.8594229e+00 -1.5000000e+00 
    64 : -1.7607434e+00 -1.5000000e+00 
    65 : -1.6620639e+00 -1.5000000e+00 
    66 : -1.5633844e+00 -1.5000000e+00 
    67 : -1.4647049e+00 -1.5000000e+00 
    68 : -1.3119380e+00 -1.5837437e+00 
    69 : -1.2497812e+00 -1.6616858e+00 
    70 : -1.1801727e+00 -1.7330519e+00 
    71 : -1.1038044e+00 -1.7971325e+00 
    72 : -1.0214352e+00 -1.8532909e+00 
    73 : -9.3388374e-01 -1.9009689e+00 
    74 : -8.4202014e-01 -1.9396926e+00 
    75 : -7.4675740e-01 -1.9690773e+00 
    76 : -6.4904227e-01 -1.9888308e+00 
    77 : -5.4984589e-01 -1.9987569e+00 
    78 : -4.5015411e-01 -1.9987569e+00 
    79 : -3.5095773e-01 -1.9888308e+00 
    80 : -2.5324260e-01 -1.9690773e+00 
    81 : -1.5797986e-01 -1.9396926e+00 
    82 : -6.6116261e-02 -1.9009689e+00 
    83 :  2.1435203e-02 -1.8532909e+00 
    84 :  1.0380441e-01 -1.7971325e+00 
    85 :  1.8017274e-01 -1.7330519e+00 
    86 :  2.4978120e-01 -1.6616858e+00 
    87 :  3.1193801e-01 -1.5837437e+00 
    88 :  4.6470490e-01 -1.5000000e+00 
    89 :  5.6338439e-01 -1.5000000e+00 
    90 :  6.6206388e-01 -1.5000000e+00 
    91 :  7.6074337e-01 -1.5000000e+00 
    92 :  8.5942286e-01 -1.5000000e+00 
    93 :  9.5810236e-01 -1.5000000e+00 
    94 :  1.0567818e+00 -1.5000000e+00 
    95 :  1.1554613e+00 -1.5000000e+00 
    96 :  1.2541408e+00 -1.5000000e+00 
    97 :  1.3528203e+00 -1.5000000e+00 
    98 :  1.4514998e+00 -1.5000000e+00 
    99 :  1.5501793e+00 -1.5000000e+00 
   100 :  1.6488588e+00 -1.5000000e+00 
   101 :  1.7475383e+00 -1.5000000e+00 
   102 :  1.8462178e+00 -1.5000000e+00 
   103 :  1.9448973e+00 -1.5000000e+00 
   104 :  2.0435768e+00 -1.5000000e+00 
   105 :  2.1422563e+00 -1.5000000e+00 
   106 :  2.2409358e+00 -1.5000000e+00 
   107 :  2.3396152e+00 -1.5000000e+00 
   108 :  2.4382947e+00 -1.5000000e+00 
   109 :  2.5369742e+00 -1.5000000e+00 
   110 :  2.6356537e+00 -1.5000000e+00 
   111 :  2.7343332e+00 -1.5000000e+00 
   112 :  2.8330127e+00 -1.5000000e+00 
   113 :  2.9316922e+00 -1.5000000e+00 
   114 :  3.0303717e+00 -1.5000000e+00 
   115 :  3.1290512e+00 -1.5000000e+00 
   116 :  3.2277307e+00 -1.5000000e+00 
   117 :  3.3264102e+00 -1.5000000e+00 
   118 :  3.4250897e+00 -1.5000000e+00 
   119 :  3.5237691e+00 -1.5000000e+00 
   120 :  3.6224486e+00 -1.5000000e+00 
   121 :  3.7211281e+00 -1.5000000e+00 
   122 :  3.8198076e+00 -1.5000000e+00 
   123 :  3.9184871e+00 -1.5000000e+00 
   124 :  4.0171666e+00 -1.5000000e+00 
   125 :  4.1158461e+00 -1.5000000e+00 
   126 :  4.2145256e+00 -1.5000000e+00 
   127 :  4.3132051e+00 -1.5000000e+00 
   128 :  4.4118846e+00 -1.5000000e+00 
   129 :  4.5105641e+00 -1.5000000e+00 
   130 :  4.6092436e+00 -1.5000000e+00 
   131 :  4.7079230e+00 -1.5000000e+00 
   132 :  4.8066025e+00 -1.5000000e+00 
   133 :  4.9052820e+00 -1.5000000e+00 
   134 :  5.0039615e+00 -1.5000000e+00 
   135 :  5.1026410e+00 -1.5000000e+00 
   136 :  5.2013205e+00 -1.5000000e+00 
   137 :  5.2011008e+00 -1.3000000e+00 
   138 :  5.1022016e+00 -1.3000000e+00 
   139 :  5.0033024e+00 -1.3000000e+00 
   140 :  4.9044032e+00 -1.3000000e+00 
   141 :  4.8055040e+00 -1.3000000e+00 
   142 :  4.7066048e+00 -1.3000000e+00 
   143 :  4.6077056e+00 -1.3000000e+00 
   144 :  4.5088064e+00 -1.3000000e+00 
   145 :  4.4099072e+00 -1.3000000e+00 
   146 :  4.3110080e+00 -1.3000000e+00 
   147 :  4.2121088e+00 -1.3000000e+00 
   148 :  4.1132096e+00 -1.3000000e+00 
   149 :  4.0143104e+00 -1.3000000e+00 
   150 :  3.9154112e+00 -1.3000000e+00 
   151 :  3.8165120e+00 -1.3000000e+00 
   152 :  3.7176128e+00 -1.3000000e+00 
   153 :  3.6187136e+00 -1.3000000e+00 
   154 :  3.5198144e+00 -1.3000000e+00 
   155 :  3.4209152e+00 -1.3000000e+00 
   156 :  3.3220160e+00 -1.3000000e+00 
   157 :  3.2231168e+00 -1.3000000e+00 
   158 :  3.1242176e+00 -1.3000000e+00 
   159 :  3.0253184e+00 -1.3000000e+00 
   160 :  2.9264192e+00 -1.3000000e+00 
   161 :  2.8275200e+00 -1.3000000e+00 
   162 :  2.7286208e+00 -1.3000000e+00 
   163 :  2.6297216e+00 -1.3000000e+00 
   164 :  2.5308224e+00 -1.3000000e+00 
   165 :  2.4319232e+00 -1.3000000e+00 
   166 :  2.3330240e+00 -1.3000000e+00 
   167 :  2.2341248e+00 -1.3000000e+00 
   168 :  2.1352256e+00 -1.3000000e+00 
   169 :  2.0363264e+00 -1.3000000e+00 
   170 :  1.9374272e+00 -1.3000000e+00 
   171 :  1.8385280e+00 -1.3000000e+00 
   172 :  1.7396288e+00 -1.3000000e+00 
   173 :  1.6407296e+00 -1.3000000e+00 
   174 :  1.5418304e+00 -1.3000000e+00 
   175 :  1.4429312e+00 -1.3000000e+00 
   176 :  1.3440320e+00 -1.3000000e+00 
   177 :  1.2451328e+00 -1.3000000e+00 
   178 :  1.1462336e+00 -1.3000000e+00 
   179 :  1.0473344e+00 -1.3000000e+00 
   180 :  9.4843520e-01 -1.3000000e+00 
   181 :  8.4953600e-01 -1.3000000e+00 
   182 :  7.5063680e-01 -1.3000000e+00 
   183 :  6.5173760e-01 -1.3000000e+00 
   184 :  5.5283840e-01 -1.3000000e+00 
   185 :  4.7400285e-01 -1.2265358e+00 
   186 :  4.8841773e-01 -1.1517577e+00 
   187 :  4.9710023e-01 -1.0760995e+00 
   188 :  4.9515621e-01 -9.0169374e-01 
   189 :  4.8067176e-01 -8.0433983e-01 
   190 :  4.5668697e-01 -7.0888139e-01 
   191 :  4.2343419e-01 -6.1624319e-01 
   192 :  3.8123557e-01 -5.2732266e-01 
   193 :  3.3049991e-01 -4.4298124e-01 
   194 :  2.7171871e-01 -3.6403598e-01 
   195 :  2.0546142e-01 -2.9125168e-01 
   196 :  1.3236991e-01 -2.2533343e-01 
   197 :  5.3152272e-02 -1.6691983e-01 
   198 : -3.1424079e-02 -1.1657677e-01 
   199 : -1.2053980e-01 -7.4791940e-02 
   200 : -2.1333157e-01 -4.1970141e-02 
   201 : -3.0890047e-01 -1.8429336e-02 
   202 : -4.0632065e-01 -4.3975793e-03 
   203 : -5.0464837e-01 -1.0803723e-05 
   204 : -6.0293105e-01 -5.3115068e-03 
   205 : -7.0021658e-01 -2.0248338e-02 
   206 : -7.9556250e-01 -4.4676594e-02 
   207 : -8.8804513e-01 -7.8359626e-02 
   208 : -9.7676854e-01 -1.2097113e-01 
   209 : -1.0608732e+00 -1.7209829e-01 
   210 : -1.1395444e+00 -2.3124582e-01 
   211 : -1.2120199e+00 -2.9784072e-01 
   212 : -1.2775977e+00 -3.7123785e-01 
   213 : -1.3356424e+00 -4.5072617e-01 
   214 : -1.3855918e+00 -5.3553562e-01 
   215 : -1.4269619e+00 -6.2484461e-01 
   216 : -1.4593520e+00 -7.1778794e-01 
   217 : -1.4824484e+00 -8.1346523e-01 
   218 : -1.4960271e+00 -9.1094959e-01 
   219 : -1.4999568e+00 -1.0092966e+00 
   220 : -1.4941993e+00 -1.1075536e+00 
   221 : -1.4788104e+00 -1.2047687e+00 
   222 : -1.5528384e+00 -1.3000000e+00 
   223 : -1.6517376e+00 -1.3000000e+00 
   224 : -1.7506368e+00 -1.3000000e+00 
   225 : -1.8495360e+00 -1.3000000e+00 
   226 : -1.9484352e+00 -1.3000000e+00 
   227 : -2.0473344e+00 -1.3000000e+00 
   228 : -2.1462336e+00 -1.3000000e+00 
   229 : -2.2451328e+00 -1.3000000e+00 
   230 : -2.3440320e+00 -1.3000000e+00 
   231 : -2.4429312e+00 -1.3000000e+00 
   232 : -2.5418304e+00 -1.3000000e+00 
   233 : -2.6407296e+00 -1.3000000e+00 
   234 : -2.7396288e+00 -1.3000000e+00 
   235 : -2.8385280e+00 -1.3000000e+00 
   236 : -2.9374272e+00 -1.3000000e+00 
   237 : -3.0363264e+00 -1.3000000e+00 
   238 : -3.1352256e+00 -1.3000000e+00 
   239 : -3.2341248e+00 -1.3000000e+00 
   240 : -3.3330240e+00 -1.3000000e+00 
   241 : -3.4319232e+00 -1.3000000e+00 
   242 : -3.5308224e+00 -1.3000000e+00 
   243 : -3.6297216e+00 -1.3000000e+00 
   244 : -3.7286208e+00 -1.3000000e+00 
   245 : -3.8275200e+00 -1.3000000e+00 
   246 : -3.9264192e+00 -1.3000000e+00 
   247 : -4.0253184e+00 -1.3000000e+00 
   248 : -4.1242176e+00 -1.3000000e+00 
   249 : -4.2231168e+00 -1.3000000e+00 
   250 : -4.3220160e+00 -1.3000000e+00 
   251 : -4.4209152e+00 -1.3000000e+00 
   252 : -4.5198144e+00 -1.3000000e+00 
   253 : -4.6187136e+00 -1.3000000e+00 
   254 : -4.7176128e+00 -1.3000000e+00 
   255 : -4.8165120e+00 -1.3000000e+00 
   256 : -4.9154112e+00 -1.3000000e+00 
   257 : -5.0143104e+00 -1.3000000e+00 
   258 : -5.1132096e+00 -1.3000000e+00 
   259 : -5.2121088e+00 -1.3000000e+00 
   260 : -5.3110080e+00 -1.3000000e+00 
   261 : -5.4099072e+00 -1.3000000e+00 
   262 : -5.5088064e+00 -1.3000000e+00 
   263 : -5.6077056e+00 -1.3000000e+00 
   264 : -5.7066048e+00 -1.3000000e+00 
   265 : -5.8055040e+00 -1.3000000e+00 
   266 : -5.9044032e+00 -1.3000000e+00 
   267 : -6.0033024e+00 -1.3000000e+00 
   268 : -6.1022016e+00 -1.3000000e+00 
   269 : -6.2011008e+00 -1.3000000e+00 
   270 : -6.3000000e+00 -1.4000000e+00 
   271 :  2.9561752e-01 -9.1637723e-01 
   272 :  2.8251808e-01 -8.3367065e-01 
   273 :  2.6084521e-01 -7.5278640e-01 
   274 :  2.3083637e-01 -6.7461069e-01 
   275 :  1.9282032e-01 -6.0000000e-01 
   276 :  1.4721360e-01 -5.2977180e-01 
   277 :  9.4515860e-02 -4.6469551e-01 
   278 :  3.5304485e-02 -4.0548414e-01 
   279 : -2.9771798e-02 -3.5278640e-01 
   280 : -1.0000000e-01 -3.0717968e-01 
   281 : -1.7461069e-01 -2.6916363e-01 
   282 : -2.5278640e-01 -2.3915479e-01 
   283 : -3.3367065e-01 -2.1748192e-01 
   284 : -4.1637723e-01 -2.0438248e-01 
   285 : -5.0000000e-01 -2.0000000e-01 
   286 : -5.8362277e-01 -2.0438248e-01 
   287 : -6.6632935e-01 -2.1748192e-01 
   288 : -7.4721360e-01 -2.3915479e-01 
   289 : -8.2538931e-01 -2.6916363e-01 
   290 : -9.0000000e-01 -3.0717968e-01 
   291 : -9.7022820e-01 -3.5278640e-01 
   292 : -1.0353045e+00 -4.0548414e-01 
   293 : -1.0945159e+00 -4.6469551e-01 
   294 : -1.1472136e+00 -5.2977180e-01 
   295 : -1.1928203e+00 -6.0000000e-01 
   296 : -1.2308364e+00 -6.7461069e-01 
   297 : -1.2608452e+00 -7.5278640e-01 
   298 : -1.2825181e+00 -8.3367065e-01 
   299 : -1.2956175e+00 -9.1637723e-01 
   300 : -1.3000000e+00 -1.0000000e+00 
   301 : -1.2956175e+00 -1.0836228e+00 
   302 : -1.2825181e+00 -1.1663294e+00 
   303 : -1.2608452e+00 -1.2472136e+00 
   304 : -1.2308364e+00 -1.3253893e+00 
   305 : -1.1928203e+00 -1.4000000e+00 
   306 : -1.1472136e+00 -1.4702282e+00 
   307 : -1.0945159e+00 -1.5353045e+00 
   308 : -1.0353045e+00 -1.5945159e+00 
   309 : -9.7022820e-01 -1.6472136e+00 
   310 : -9.0000000e-01 -1.6928203e+00 
   311 : -8.2538931e-01 -1.7308364e+00 
   312 : -7.4721360e-01 -1.7608452e+00 
   313 : -6.6632935e-01 -1.7825181e+00 
   314 : -5.8362277e-01 -1.7956175e+00 
   315 : -5.0000000e-01 -1.8000000e+00 
   316 : -4.1637723e-01 -1.7956175e+00 
   317 : -3.3367065e-01 -1.7825181e+00 
   318 : -2.5278640e-01 -1.7608452e+00 
   319 : -1.7461069e-01 -1.7308364e+00 
   320 : -1.0000000e-01 -1.6928203e+00 
   321 : -2.9771798e-02 -1.6472136e+00 
   322 :  3.5304485e-02 -1.5945159e+00 
   323 :  9.4515860e-02 -1.5353045e+00 
   324 :  1.4721360e-01 -1.4702282e+00 
   325 :  1.9282032e-01 -1.4000000e+00 
   326 :  2.3083637e-01 -1.3253893e+00 
   327 :  2.6084521e-01 -1.2472136e+00 
   328 :  2.8251808e-01 -1.1663294e+00 
   329 :  2.9561752e-01 -1.0836228e+00 
   330 :  5.3305261e+00 -1.4675551e+00 
   331 :  5.3831686e+00 -1.4454388e+00 
   332 :  5.4358110e+00 -1.4233224e+00 
   333 :  5.4884535e+00 -1.4012061e+00 
   334 :  5.5410959e+00 -1.3790897e+00 
   335 :  5.5937384e+00 -1.3569734e+00 
   336 :  5.6463808e+00 -1.3348570e+00 
   337 :  5.6990233e+00 -1.3127407e+00 
   338 :  5.7516658e+00 -1.2906243e+00 
   339 :  5.8043082e+00 -1.2685080e+00 
   340 :  5.8569507e+00 -1.2463916e+00 
   341 :  5.9258118e+00 -1.1585162e+00 
   342 :  5.9420305e+00 -1.0927571e+00 
   343 :  5.9056067e+00 -1.0491143e+00 
   344 :  5.8529642e+00 -1.0712307e+00 
   345 :  5.8003217e+00 -1.0933470e+00 
   346 :  5.7476793e+00 -1.1154634e+00 
   347 :  5.6950368e+00 -1.1375797e+00 
   348 :  5.6423944e+00 -1.1596961e+00 
   349 :  5.5897519e+00 -1.1818125e+00 
   350 :  5.5371095e+00 -1.2039288e+00 
   351 :  5.4844670e+00 -1.2260452e+00 
   352 :  5.4318245e+00 -1.2481615e+00 
   353 :  5.3791821e+00 -1.2702779e+00 
   354 :  5.3103210e+00 -1.3581533e+00 
   355 :  5.2941023e+00 -1.4239124e+00 
   356 : -6.8569507e+00 -1.2463916e+00 
   357 : -6.8043082e+00 -1.2685080e+00 
   358 : -6.7516658e+00 -1.2906243e+00 
   359 : -6.6990233e+00 -1.3127407e+00 
   360 : -6.6463808e+00 -1.3348570e+00 
   361 : -6.5937384e+00 -1.3569734e+00 
   362 : -6.5410959e+00 -1.3790897e+00 
   363 : -6.4884535e+00 -1.4012061e+00 
   364 : -6.4358110e+00 -1.4233224e+00 
   365 : -6.3831686e+00 -1.4454388e+00 
   366 : -6.3305261e+00 -1.4675551e+00 
   367 : -6.2941023e+00 -1.4239124e+00 
   368 : -6.3103210e+00 -1.3581533e+00 
   369 : -6.3791821e+00 -1.2702779e+00 
   370 : -6.4318245e+00 -1.2481615e+00 
   371 : -6.4844670e+00 -1.2260452e+00 
   372 : -6.5371095e+00 -1.2039288e+00 
   373 : -6.5897519e+00 -1.1818125e+00 
   374 : -6.6423944e+00 -1.1596961e+00 
   375 : -6.6950368e+00 -1.1375797e+00 
   376 : -6.7476793e+00 -1.1154634e+00 
   377 : -6.8003217e+00 -1.0933470e+00 
   378 : -6.8529642e+00 -1.0712307e+00 
   379 : -6.9056067e+00 -1.0491143e+00 
   380 : -6.9420305e+00 -1.0927571e+00 
   381 : -6.9258118e+00 -1.1585162e+00 
   382 :  3.0858368e-01 -1.3237907e+00 
   383 :  4.3264600e-01 -1.0355385e+00 
   384 :  4.1645060e-01 -1.1766631e+00 
   385 : -1.3214816e+00 -1.3163482e+00 
   386 : -1.3577176e+00 -1.1348362e+00 
   387 : -5.4532167e-01 -1.3520297e-01 
   388 :  2.2387444e-01 -1.4738042e+00 
   389 : -1.2289655e+00 -1.4729063e+00 
   390 :  3.5562028e-01 -8.6371464e-01 
   391 : -7.2416211e-01 -1.6342745e-01 
   392 : -1.3649259e+00 -9.5466769e-01 
   393 : -3.6365876e-01 -1.4105287e-01 
   394 :  1.1044434e-01 -1.6147066e+00 
   395 : -1.1146785e+00 -1.6132841e+00 
   396 :  3.1112906e-01 -6.8971643e-01 
   397 :  4.2033721e-01 -1.4199631e+00 
   398 : -8.9338584e-01 -2.2571368e-01 
   399 : -1.3369837e+00 -7.7572367e-01 
   400 : -1.8307733e-01 -1.9107490e-01 
   401 : -2.7725501e-02 -1.7290708e+00 
   402 : -9.7395965e-01 -1.7293263e+00 
   403 :  2.2945401e-01 -5.2892911e-01 
   404 : -1.0473162e+00 -3.2367227e-01 
   405 : -1.2745856e+00 -6.0488033e-01 
   406 : -2.5633587e-02 -2.7144510e-01 
   407 : -1.8934662e-01 -1.8092999e+00 
   408 : -8.1065338e-01 -1.8092999e+00 
   409 :  1.1535645e-01 -3.8518972e-01 
   410 : -1.1750599e+00 -4.5200572e-01 
   411 : -3.6730231e-01 -1.8518695e+00 
   412 : -6.3269769e-01 -1.8518695e+00 
   413 : -6.1519808e+00 -1.4145411e+00 
   414 :  5.1519808e+00 -1.4145411e+00 
   415 : -5.9544387e+00 -1.4016386e+00 
   416 :  4.9544387e+00 -1.4016386e+00 
   417 :  3.2443132e-01 -1.4155269e+00 
   418 :  4.7569751e+00 -1.4016828e+00 
   419 : -5.7569751e+00 -1.4016828e+00 
   420 :  4.5595115e+00 -1.4017267e+00 
   421 : -5.5595115e+00 -1.4017267e+00 
   422 :  4.3620479e+00 -1.4017702e+00 
   423 : -5.3620479e+00 -1.4017702e+00 
   424 : -5.1645843e+00 -1.4018132e+00 
   425 :  4.1645843e+00 -1.4018132e+00 
   426 :  3.9671207e+00 -1.4018559e+00 
   427 : -4.9671207e+00 -1.4018559e+00 
   428 :  3.7696570e+00 -1.4018981e+00 
   429 : -4.7696570e+00 -1.4018981e+00 
   430 :  3.5721934e+00 -1.4019400e+00 
   431 : -4.5721934e+00 -1.4019400e+00 
   432 :  3.3747298e+00 -1.4019815e+00 
   433 : -4.3747298e+00 -1.4019815e+00 
   434 :  3.1772662e+00 -1.4020225e+00 
   435 : -4.1772662e+00 -1.4020225e+00 
   436 : -5.0000000e-01 -1.9220428e+00 
   437 :  2.9798026e+00 -1.4020632e+00 
   438 : -3.9798026e+00 -1.4020632e+00 
   439 :  2.7823390e+00 -1.4021034e+00 
   440 : -3.7823390e+00 -1.4021034e+00 
   441 :  2.5848754e+00 -1.4021433e+00 
   442 : -3.5848754e+00 -1.4021433e+00 
   443 :  2.3874118e+00 -1.4021827e+00 
   444 : -3.3874118e+00 -1.4021827e+00 
   445 :  2.1899482e+00 -1.4022218e+00 
   446 : -3.1899482e+00 -1.4022218e+00 
   447 :  1.9924846e+00 -1.4022604e+00 
   448 : -2.9924846e+00 -1.4022604e+00 
   449 :  1.7950210e+00 -1.4022986e+00 
   450 : -2.7950210e+00 -1.4022986e+00 
   451 :  1.5975574e+00 -1.4023365e+00 
   452 : -2.5975574e+00 -1.4023365e+00 
   453 :  1.4000938e+00 -1.4023739e+00 
   454 : -2.4000938e+00 -1.4023739e+00 
   455 :  1.2026302e+00 -1.4024110e+00 
   456 : -2.2026302e+00 -1.4024110e+00 
   457 :  1.0031038e+00 -1.3982040e+00 
   458 : -2.0031038e+00 -1.3982040e+00 
   459 : -1.4218038e+00 -1.4117507e+00 
   460 :  9.0390618e-01 -1.3974767e+00 
   461 : -1.9039062e+00 -1.3974767e+00 
   462 :  7.0833260e-01 -1.4047672e+00 
   463 : -1.7083326e+00 -1.4047672e+00 
   464 :  5.9368433e-01 -1.4039730e+00 
   465 : -1.6044705e+00 -1.3921480e+00 
   466 :  3.4515325e-01 -1.2260317e+00 
   467 : -1.2251884e+00 -5.2734542e-01 
   468 : -1.1117850e+00 -3.8791432e-01 
   469 : -1.0511591e-01 -2.3031417e-01 
   470 :  4.4993036e-02 -3.2740656e-01 
   471 :  1.7317859e-01 -4.5681320e-01 
   472 : -2.7092547e-01 -1.6545149e-01 
   473 : -1.3064110e+00 -6.9030595e-01 
   474 : -8.0909167e-01 -1.9445890e-01 
   475 : -9.6959591e-01 -2.7448672e-01 
   476 :  3.3340378e-01 -7.7668968e-01 
   477 :  2.7046833e-01 -6.0928778e-01 
   478 : -1.3519053e+00 -8.6505530e-01 
   479 : -6.3485768e-01 -1.4856793e-01 
   480 :  3.7228608e-01 -9.6043427e-01 
   481 : -4.5463676e-01 -1.3600827e-01 
   482 : -1.3374013e+00 -1.2208438e+00 
   483 : -1.3612874e+00 -1.0450064e+00 
   484 : -1.2708500e+00 -1.3985162e+00 
   485 : -7.2311315e-01 -1.8338085e+00 
   486 : -8.9217599e-01 -1.7694970e+00 
   487 : -2.7688685e-01 -1.8338085e+00 
   488 :  4.1895780e-02 -1.6721655e+00 
   489 : -1.0810487e-01 -1.7694544e+00 
   490 : -1.0444592e+00 -1.6702976e+00 
   491 :  1.6882507e-01 -1.5444160e+00 
   492 : -1.1707865e+00 -1.5428833e+00 
   493 :  4.9320259e-01 -1.3708314e+00 
   494 :  5.0531923e+00 -1.3961543e+00 
   495 : -6.0531923e+00 -1.3961543e+00 
   496 : -5.8555343e+00 -1.4005536e+00 
   497 :  4.8555343e+00 -1.4005536e+00 
   498 :  4.6579939e+00 -1.4005683e+00 
   499 : -5.6579939e+00 -1.4005683e+00 
   500 :  4.4604536e+00 -1.4005828e+00 
   501 : -5.4604536e+00 -1.4005828e+00 
   502 :  4.2629133e+00 -1.4005972e+00 
   503 : -5.2629133e+00 -1.4005972e+00 
   504 : -5.0653729e+00 -1.4006115e+00 
   505 :  4.0653729e+00 -1.4006115e+00 
   506 : -4.8678326e+00 -1.4006257e+00 
   507 :  3.8678326e+00 -1.4006257e+00 
   508 :  3.6702923e+00 -1.4006397e+00 
   509 : -4.6702923e+00 -1.4006397e+00 
   510 : -4.4727519e+00 -1.4006536e+00 
   511 :  3.4727519e+00 -1.4006536e+00 
   512 :  3.2757427e+00 -1.3978937e+00 
   513 : -4.2757427e+00 -1.3978937e+00 
   514 :  3.0782542e+00 -1.3979524e+00 
   515 : -4.0782542e+00 -1.3979524e+00 
   516 : -3.8807657e+00 -1.3980106e+00 
   517 :  2.8807657e+00 -1.3980106e+00 
   518 :  2.6832772e+00 -1.3980682e+00 
   519 : -3.6832772e+00 -1.3980682e+00 
   520 : -3.4857886e+00 -1.3981252e+00 
   521 :  2.4857886e+00 -1.3981252e+00 
   522 : -3.2883001e+00 -1.3981816e+00 
   523 :  2.2883001e+00 -1.3981816e+00 
   524 :  2.0908116e+00 -1.3982375e+00 
   525 : -3.0908116e+00 -1.3982375e+00 
   526 :  1.8933231e+00 -1.3982928e+00 
   527 : -2.8933231e+00 -1.3982928e+00 
   528 : -2.6958346e+00 -1.3983475e+00 
   529 :  1.6958346e+00 -1.3983475e+00 
   530 :  1.4983460e+00 -1.3984016e+00 
   531 : -2.4983460e+00 -1.3984016e+00 
   532 :  1.3008575e+00 -1.3984552e+00 
   533 : -2.3008575e+00 -1.3984552e+00 
   534 :  1.1019242e+00 -1.4001025e+00 
   535 : -2.1019242e+00 -1.4001025e+00 
   536 :  8.0526028e-01 -1.3964547e+00 
   537 : -1.8052603e+00 -1.3964547e+00 
   538 : -1.5101902e+00 -1.4006498e+00 
   539 :  3.5230093e-01 -1.1349912e+00 
   540 :  4.2432293e-01 -1.1033449e+00 
   541 :  3.5902213e-01 -1.0450194e+00 
   542 :  3.8341896e-01 -1.2964983e+00 
   543 : -4.0493301e-01 -1.9216909e+00 
   544 : -5.9506699e-01 -1.9216909e+00 
   545 :  4.4483049e-01 -9.5880190e-01 
   546 :  1.2472499e-01 -3.0648864e-01 
   547 : -1.1923230e+00 -3.7664575e-01 
   548 :  1.9148048e-01 -3.7684755e-01 
   549 :  5.0621562e-02 -2.4839396e-01 
   550 :  3.6792976e-01 -1.3616866e+00 
   551 : -1.3052950e+00 -5.3142510e-01 
   552 : -1.1250107e+00 -3.1068849e-01 
   553 : -6.8908640e-01 -1.9085267e+00 
   554 : -3.1091360e-01 -1.9085267e+00 
   555 : -4.5558077e-01 -1.8579052e+00 
   556 : -5.4467955e-01 -1.8572193e+00 
   557 : -1.2523058e+00 -4.4938433e-01 
   558 : -2.9982722e-02 -1.9731690e-01 
   559 : -1.3472088e+00 -6.1660503e-01 
   560 : -1.3868060e+00 -1.3411573e+00 
   561 : -1.0503183e+00 -2.5049131e-01 
   562 : -7.8167018e-01 -1.8850474e+00 
   563 : -2.1832982e-01 -1.8850474e+00 
   564 :  3.0379068e-01 -5.3223989e-01 
   565 : -1.0928667e-01 -1.5362964e-01 
   566 : -1.3809038e+00 -7.0535975e-01 
   567 : -8.7084440e-01 -1.8515543e+00 
   568 : -1.2920241e-01 -1.8515472e+00 
   569 :  5.2348786e+00 -1.3733386e+00 
   570 : -6.2348786e+00 -1.3733386e+00 
   571 : -1.4057457e+00 -7.9673219e-01 
   572 :  4.1366029e-01 -1.2422079e+00 
   573 : -8.7768936e-01 -1.5169580e-01 
   574 : -9.5635300e-01 -1.8092896e+00 
   575 : -4.4560566e-02 -1.8103653e+00 
   576 :  3.8292225e-01 -7.1312117e-01 
   577 : -2.9868144e-01 -9.2472205e-02 
   578 : -1.9930705e-01 -1.1989839e-01 
   579 : -1.4214102e+00 -8.9014500e-01 
   580 : -7.9789194e-01 -1.2092694e-01 
   581 :  2.5242677e-01 -4.5230733e-01 
   582 : -1.0458190e+00 -1.7511004e+00 
   583 :  4.0672226e-01 -8.0228894e-01 
   584 : -4.0304724e-01 -7.7556138e-02 
   585 : -1.4276103e+00 -9.8449619e-01 
   586 : -7.0826669e-01 -9.5969451e-02 
   587 :  4.2588118e-01 -8.8187889e-01 
   588 :  2.6079569e-01 -1.3929451e+00 
   589 : -5.0000000e-01 -7.2822676e-02 
   590 : -1.4228685e+00 -1.0919891e+00 
   591 : -5.9690932e-01 -7.7969453e-02 
   592 :  1.1575214e-01 -1.6951130e+00 
   593 : -1.2959890e+00 -1.4855629e+00 
   594 : -1.1892338e+00 -1.6205889e+00 
   595 : -1.2411157e+00 -1.5612285e+00 
   596 :  2.4011832e-01 -1.5622245e+00 
   597 :  3.5100245e-02 -1.7595230e+00 
   598 : -9.7143854e-01 -1.9924282e-01 
   599 :  3.4549668e-01 -6.1465519e-01 
   600 :  1.7751563e-01 -1.6351996e+00 
   601 : -1.4120732e+00 -1.1793852e+00 
   602 : -1.1130279e+00 -1.6975759e+00 
   603 :  2.9349685e-01 -1.4852455e+00 
   604 :  5.1222718e-01 -1.4450856e+00 
   605 :  4.2437178e-01 -1.3538084e+00 
   606 : -1.3984186e+00 -1.2604172e+00 
   607 : -1.3450310e+00 -1.4101275e+00 
   608 :  5.2423127e+00 -1.4419188e+00 
   609 : -6.2423127e+00 -1.4419188e+00 
   610 :  5.8996431e+00 -1.1376721e+00 
   611 :  5.3364897e+00 -1.3789973e+00 
   612 :  5.4512383e+00 -1.2985693e+00 
   613 :  5.7848945e+00 -1.2181002e+00 
   614 :  5.5969198e+00 -1.2484121e+00 
   615 :  5.6976945e+00 -1.2543537e+00 
   616 :  5.4810731e+00 -1.3402478e+00 
   617 :  5.7558938e+00 -1.1775949e+00 
   618 :  5.6399351e+00 -1.2698849e+00 
   619 :  5.5384029e+00 -1.2632560e+00 
   620 :  5.8453387e+00 -1.1885618e+00 
   621 :  5.3907941e+00 -1.3281076e+00 
   622 :  5.3625769e+00 -1.4081344e+00 
   623 :  5.8735559e+00 -1.1085351e+00 
   624 :  5.8157367e+00 -1.1370484e+00 
   625 :  5.6565930e+00 -1.1987003e+00 
   626 :  5.4204467e+00 -1.3796924e+00 
   627 :  5.4981093e+00 -1.2663941e+00 
   628 :  5.5798286e+00 -1.3186202e+00 
   629 :  5.5347217e+00 -1.3290250e+00 
   630 :  5.7380235e+00 -1.2502754e+00 
   631 :  5.7016265e+00 -1.1881673e+00 
   632 :  5.3475471e+00 -1.3223374e+00 
   633 :  5.8885857e+00 -1.1943321e+00 
   634 :  5.3203157e+00 -1.4336541e+00 
   635 :  5.9158170e+00 -1.0830153e+00 
   636 : -6.8983414e+00 -1.1429500e+00 
   637 : -6.3377914e+00 -1.3737194e+00 
   638 : -6.8013230e+00 -1.1514904e+00 
   639 : -6.4286431e+00 -1.3567228e+00 
   640 : -6.6495623e+00 -1.2262957e+00 
   641 : -6.5493777e+00 -1.2656125e+00 
   642 : -6.7435049e+00 -1.2232709e+00 
   643 : -6.5869461e+00 -1.2916244e+00 
   644 : -6.6799815e+00 -1.2616002e+00 
   645 : -6.4873595e+00 -1.2901624e+00 
   646 : -6.8594865e+00 -1.1311988e+00 
   647 : -6.3757653e+00 -1.3842627e+00 
   648 : -6.3857969e+00 -1.3131912e+00 
   649 : -6.8501890e+00 -1.2032769e+00 
   650 : -6.4360687e+00 -1.2989251e+00 
   651 : -6.7947039e+00 -1.2220497e+00 
   652 : -6.6033942e+00 -1.2221614e+00 
   653 : -6.7128477e+00 -1.1866704e+00 
   654 : -6.5052772e+00 -1.3329937e+00 
   655 : -6.6327385e+00 -1.2945081e+00 
   656 : -6.7611353e+00 -1.1540484e+00 
   657 : -6.8881772e+00 -1.1950820e+00 
   658 : -6.3479262e+00 -1.3215472e+00 
   659 : -6.3200996e+00 -1.4329412e+00 
   660 : -6.9159073e+00 -1.0835557e+00 
   661 : -6.4691089e+00 -1.3608815e+00 
   662 : -6.5342301e+00 -1.3341053e+00 
Number of edges 382 
     0 :      0     18 
     1 :     18      1 
     2 :      2     19 
     3 :     19     20 
     4 :     20     21 
     5 :     21     22 
     6 :     22     23 
     7 :     23     24 
     8 :     24     25 
     9 :     25     26 
    10 :     26     27 
    11 :     27     28 
    12 :     28     29 
    13 :     29     30 
    14 :     30     31 
    15 :     31     32 
    16 :     32     33 
    17 :     33     34 
    18 :     34     35 
    19 :     35     36 
    20 :     36     37 
    21 :     37     38 
    22 :     38     39 
    23 :     39     40 
    24 :     40     41 
    25 :     41     42 
    26 :     42     43 
    27 :     43     44 
    28 :     44     45 
    29 :     45     46 
    30 :     46     47 
    31 :     47     48 
    32 :     48     49 
    33 :     49     50 
    34 :     50     51 
    35 :     51     52 
    36 :     52     53 
    37 :     53     54 
    38 :     54     55 
    39 :     55     56 
    40 :     56     57 
    41 :     57     58 
    42 :     58     59 
    43 :     59     60 
    44 :     60     61 
    45 :     61     62 
    46 :     62     63 
    47 :     63     64 
    48 :     64     65 
    49 :     65     66 
    50 :     66     67 
    51 :     67      3 
    52 :      3     68 
    53 :     68     69 
    54 :     69     70 
    55 :     70     71 
    56 :     71     72 
    57 :     72     73 
    58 :     73     74 
    59 :     74     75 
    60 :     75     76 
    61 :     76     77 
    62 :     77     78 
    63 :     78     79 
    64 :     79     80 
    65 :     80     81 
    66 :     81     82 
    67 :     82     83 
    68 :     83     84 
    69 :     84     85 
    70 :     85     86 
    71 :     86     87 
    72 :     87      4 
    73 :      4     88 
    74 :     88     89 
    75 :     89     90 
    76 :     90     91 
    77 :     91     92 
    78 :     92     93 
    79 :     93     94 
    80 :     94     95 
    81 :     95     96 
    82 :     96     97 
    83 :     97     98 
    84 :     98     99 
    85 :     99    100 
    86 :    100    101 
    87 :    101    102 
    88 :    102    103 
    89 :    103    104 
    90 :    104    105 
    91 :    105    106 
    92 :    106    107 
    93 :    107    108 
    94 :    108    109 
    95 :    109    110 
    96 :    110    111 
    97 :    111    112 
    98 :    112    113 
    99 :    113    114 
   100 :    114    115 
   101 :    115    116 
   102 :    116    117 
   103 :    117    118 
   104 :    118    119 
   105 :    119    120 
   106 :    120    121 
   107 :    121    122 
   108 :    122    123 
   109 :    123    124 
   110 :    124    125 
   111 :    125    126 
   112 :    126    127 
   113 :    127    128 
   114 :    128    129 
   115 :    129    130 
   116 :    130    131 
   117 :    131    132 
   118 :    132    133 
   119 :    133    134 
   120 :    134    135 
   121 :    135    136 
   122 :    136      0 
   123 :      1    137 
   124 :    137    138 
   125 :    138    139 
   126 :    139    140 
   127 :    140    141 
   128 :    141    142 
   129 :    142    143 
   130 :    143    144 
   131 :    144    145 
   132 :    145    146 
   133 :    146    147 
   134 :    147    148 
   135 :    148    149 
   136 :    149    150 
   137 :    150    151 
   138 :    151    152 
   139 :    152    153 
   140 :    153    154 
   141 :    154    155 
   142 :    155    156 
   143 :    156    157 
   144 :    157    158 
   145 :    158    159 
   146 :    159    160 
   147 :    160    161 
   148 :    161    162 
   149 :    162    163 
   150 :    163    164 
   151 :    164    165 
   152 :    165    166 
   153 :    166    167 
   154 :    167    168 
   155 :    168    169 
   156 :    169    170 
   157 :    170    171 
   158 :    171    172 
   159 :    172    173 
   160 :    173    174 
   161 :    174    175 
   162 :    175    176 
   163 :    176    177 
   164 :    177    178 
   165 :    178    179 
   166 :    179    180 
   167 :    180    181 
   168 :    181    182 
   169 :    182    183 
   170 :    183    184 
   171 :    184      5 
   172 :      5    185 
   173 :    185    186 
   174 :    186    187 
   175 :    187      6 
   176 :      6    188 
   177 :    188    189 
   178 :    189    190 
   179 :    190    191 
   180 :    191    192 
   181 :    192    193 
   182 :    193    194 
   183 :    194    195 
   184 :    195    196 
   185 :    196    197 
   186 :    197    198 
   187 :    198    199 
   188 :    199    200 
   189 :    200    201 
   190 :    201    202 
   191 :    202    203 
   192 :    203    204 
   193 :    204    205 
   194 :    205    206 
   195 :    206    207 
   196 :    207    208 
   197 :    208    209 
   198 :    209    210 
   199 :    210    211 
   200 :    211    212 
   201 :    212    213 
   202 :    213    214 
   203 :    214    215 
   204 :    215    216 
   205 :    216    217 
   206 :    217    218 
   207 :    218    219 
   208 :    219    220 
   209 :    220    221 
   210 :    221      7 
   211 :      7    222 
   212 :    222    223 
   213 :    223    224 
   214 :    224    225 
   215 :    225    226 
   216 :    226    227 
   217 :    227    228 
   218 :    228    229 
   219 :    229    230 
   220 :    230    231 
   221 :    231    232 
   222 :    232    233 
   223 :    233    234 
   224 :    234    235 
   225 :    235    236 
   226 :    236    237 
   227 :    237    238 
   228 :    238    239 
   229 :    239    240 
   230 :    240    241 
   231 :    241    242 
   232 :    242    243 
   233 :    243    244 
   234 :    244    245 
   235 :    245    246 
   236 :    246    247 
   237 :    247    248 
   238 :    248    249 
   239 :    249    250 
   240 :    250    251 
   241 :    251    252 
   242 :    252    253 
   243 :    253    254 
   244 :    254    255 
   245 :    255    256 
   246 :    256    257 
   247 :    257    258 
   248 :    258    259 
   249 :    259    260 
   250 :    260    261 
   251 :    261    262 
   252 :    262    263 
   253 :    263    264 
   254 :    264    265 
   255 :    265    266 
   256 :    266    267 
   257 :    267    268 
   258 :    268    269 
   259 :    269      8 
   260 :      8    270 
   261 :    270      2 
   262 :      9    271 
   263 :    271    272 
   264 :    272    273 
   265 :    273    274 
   266 :    274    275 
   267 :    275    276 
   268 :    276    277 
   269 :    277    278 
   270 :    278    279 
   271 :    279    280 
   272 :    280    281 
   273 :    281    282 
   274 :    282    283 
   275 :    283    284 
   276 :    284    285 
   277 :    285    286 
   278 :    286    287 
   279 :    287    288 
   280 :    288    289 
   281 :    289    290 
   282 :    290    291 
   283 :    291    292 
   284 :    292    293 
   285 :    293    294 
   286 :    294    295 
   287 :    295    296 
   288 :    296    297 
   289 :    297    298 
   290 :    298    299 
   291 :    299    300 
   292 :    300    301 
   293 :    301    302 
   294 :    302    303 
   295 :    303    304 
   296 :    304    305 
   297 :    305    306 
   298 :    306    307 
   299 :    307    308 
   300 :    308    309 
   301 :    309    310 
   302 :    310    311 
   303 :    311    312 
   304 :    312    313 
   305 :    313    314 
   306 :    314    315 
   307 :    315    316 
   308 :    316    317 
   309 :    317    318 
   310 :    318    319 
   311 :    319    320 
   312 :    320    321 
   313 :    321    322 
   314 :    322    323 
   315 :    323    324 
   316 :    324    325 
   317 :    325    326 
   318 :    326    327 
   319 :    327    328 
   320 :    328    329 
   321 :    329      9 
   322 :     10    330 
   323 :    330    331 
   324 :    331    332 
   325 :    332    333 
   326 :    333    334 
   327 :    334    335 
   328 :    335    336 
   329 :    336    337 
   330 :    337    338 
   331 :    338    339 
   332 :    339    340 
   333 :    340     11 
   334 :     11    341 
   335 :    341    342 
   336 :    342     12 
   337 :     12    343 
   338 :    343    344 
   339 :    344    345 
   340 :    345    346 
   341 :    346    347 
   342 :    347    348 
   343 :    348    349 
   344 :    349    350 
   345 :    350    351 
   346 :    351    352 
   347 :    352    353 
   348 :    353     13 
   349 :     13    354 
   350 :    354    355 
   351 :    355     10 
   352 :     14    356 
   353 :    356    357 
   354 :    357    358 
   355 :    358    359 
   356 :    359    360 
   357 :    360    361 
   358 :    361    362 
   359 :    362    363 
   360 :    363    364 
   361 :    364    365 
   362 :    365    366 
   363 :    366     15 
   364 :     15    367 
   365 :    367    368 
   366 :    368     16 
   367 :     16    369 
   368 :    369    370 
   369 :    370    371 
   370 :    371    372 
   371 :    372    373 
   372 :    373    374 
   373 :    374    375 
   374 :    375    376 
   375 :    376    377 
   376 :    377    378 
   377 :    378    379 
   378 :    379     17 
   379 :     17    380 
   380 :    380    381 
   381 :    381     14 
Number of triangles 940 
     0 :    222    538      7
     1 :    224    463    223
     2 :    183    462    182
     3 :     66    465     65
     4 :     90    464     89
     5 :    227    458    226
     6 :    180    457    179
     7 :    229    456    228
     8 :    178    455    177
     9 :    231    454    230
    10 :    176    453    175
    11 :      7    538    459
    12 :    233    452    232
    13 :    174    451    173
    14 :    235    450    234
    15 :    172    449    171
    16 :    237    448    236
    17 :    170    447    169
    18 :    239    446    238
    19 :    168    445    167
    20 :    241    444    240
    21 :    166    443    165
    22 :    243    442    242
    23 :    164    441    163
    24 :    245    440    244
    25 :    162    439    161
    26 :    247    438    246
    27 :    160    437    159
    28 :    249    435    248
    29 :    158    434    157
    30 :    251    433    250
    31 :    156    432    155
    32 :    253    431    252
    33 :    154    430    153
    34 :    255    429    254
    35 :    152    428    151
    36 :    257    427    256
    37 :    150    426    149
    38 :    259    424    258
    39 :    148    425    147
    40 :    261    423    260
    41 :    146    422    145
    42 :    263    421    262
    43 :    144    420    143
    44 :    142    418    141
    45 :    265    419    264
    46 :    267    415    266
    47 :    140    416    139
    48 :    269    413    268
    49 :    138    414    137
    50 :     92    536     91
    51 :     64    537     63
    52 :    458    461    226
    53 :    180    460    457
    54 :    463    465    223
    55 :    183    464    462
    56 :     65    465    463
    57 :    462    464     90
    58 :     21    495     20
    59 :    135    494    134
    60 :    133    497    132
    61 :     23    496     22
    62 :    131    498    130
    63 :     25    499     24
    64 :    129    500    128
    65 :     27    501     26
    66 :     29    503     28
    67 :    127    502    126
    68 :    125    505    124
    69 :     31    504     30
    70 :    123    507    122
    71 :     33    506     32
    72 :     35    509     34
    73 :    121    508    120
    74 :    119    511    118
    75 :     37    510     36
    76 :    472    578    577
    77 :    117    512    116
    78 :     39    513     38
    79 :    115    514    114
    80 :     41    515     40
    81 :    460    536     92
    82 :     63    537    461
    83 :    113    517    112
    84 :     43    516     42
    85 :     45    519     44
    86 :    111    518    110
    87 :    456    535    228
    88 :    178    534    455
    89 :    109    521    108
    90 :     47    520     46
    91 :    454    533    230
    92 :    176    532    453
    93 :    107    523    106
    94 :     49    522     48
    95 :    452    531    232
    96 :    174    530    451
    97 :    105    524    104
    98 :     51    525     50
    99 :    450    528    234
   100 :    172    529    449
   101 :    103    526    102
   102 :     53    527     52
   103 :    448    527    236
   104 :    170    526    447
   105 :    384    539    466
   106 :    101    529    100
   107 :     55    528     54
   108 :    446    525    238
   109 :    168    524    445
   110 :     99    530     98
   111 :     57    531     56
   112 :    444    522    240
   113 :    166    523    443
   114 :     97    532     96
   115 :     59    533     58
   116 :    442    520    242
   117 :    164    521    441
   118 :    162    518    439
   119 :    440    519    244
   120 :     95    534     94
   121 :     61    535     60
   122 :    438    516    246
   123 :    160    517    437
   124 :    435    515    248
   125 :    158    514    434
   126 :    433    513    250
   127 :    156    512    432
   128 :    431    510    252
   129 :    154    511    430
   130 :    152    508    428
   131 :    429    509    254
   132 :    427    506    256
   133 :    150    507    426
   134 :    424    504    258
   135 :    148    505    425
   136 :    423    503    260
   137 :    146    502    422
   138 :    144    500    420
   139 :    421    501    262
   140 :    142    498    418
   141 :    419    499    264
   142 :    540    541    539
   143 :    415    496    266
   144 :    140    497    416
   145 :    227    535    458
   146 :    457    534    179
   147 :    229    533    456
   148 :    455    532    177
   149 :    231    531    454
   150 :    453    530    175
   151 :    138    494    414
   152 :    413    495    268
   153 :    233    528    452
   154 :    451    529    173
   155 :    235    527    450
   156 :    449    526    171
   157 :    447    524    169
   158 :    237    525    448
   159 :    239    522    446
   160 :    445    523    167
   161 :    241    520    444
   162 :    443    521    165
   163 :    416    494    139
   164 :    267    495    415
   165 :    441    518    163
   166 :    243    519    442
   167 :    265    496    419
   168 :    418    497    141
   169 :    245    516    440
   170 :    439    517    161
   171 :    420    498    143
   172 :    263    499    421
   173 :    247    515    438
   174 :    437    514    159
   175 :    261    501    423
   176 :    422    500    145
   177 :    249    513    435
   178 :    434    512    157
   179 :    425    502    147
   180 :    259    503    424
   181 :    251    510    433
   182 :    432    511    155
   183 :    257    504    427
   184 :    426    505    149
   185 :    430    508    153
   186 :    253    509    431
   187 :    255    506    429
   188 :    428    507    151
   189 :    480    541    383
   190 :    577    578    200
   191 :     93    460     92
   192 :     63    461     62
   193 :    269    570    413
   194 :    414    569    137
   195 :    466    539    328
   196 :    414    494    135
   197 :    134    494    416
   198 :    415    495     21
   199 :     20    495    413
   200 :    465    538    222
   201 :    416    497    133
   202 :    132    497    418
   203 :     22    496    415
   204 :    419    496     23
   205 :    457    460     93
   206 :     62    461    458
   207 :    130    498    420
   208 :    418    498    131
   209 :     24    499    419
   210 :    421    499     25
   211 :    203    591    589
   212 :    420    500    129
   213 :    128    500    422
   214 :    423    501     27
   215 :     26    501    421
   216 :    462    536    182
   217 :    224    537    463
   218 :     28    503    423
   219 :    424    503     29
   220 :    422    502    127
   221 :    126    502    425
   222 :    124    505    426
   223 :     30    504    424
   224 :    427    504     31
   225 :    425    505    125
   226 :    426    507    123
   227 :    122    507    428
   228 :     32    506    427
   229 :    429    506     33
   230 :    431    509     35
   231 :    120    508    430
   232 :     34    509    429
   233 :    428    508    121
   234 :     91    536    462
   235 :    463    537     64
   236 :    430    511    119
   237 :    118    511    432
   238 :     36    510    431
   239 :    433    510     37
   240 :    432    512    117
   241 :    116    512    434
   242 :     38    513    433
   243 :    435    513     39
   244 :    434    514    115
   245 :    114    514    437
   246 :    438    515     41
   247 :     40    515    435
   248 :    459    560      7
   249 :    437    517    113
   250 :     42    516    438
   251 :    112    517    439
   252 :    440    516     43
   253 :     68    595    593
   254 :    110    518    441
   255 :    439    518    111
   256 :    442    519     45
   257 :     44    519    440
   258 :    441    521    109
   259 :    444    520     47
   260 :    108    521    443
   261 :     46    520    442
   262 :    106    523    445
   263 :    443    523    107
   264 :     48    522    444
   265 :    446    522     49
   266 :    445    524    105
   267 :    104    524    447
   268 :     50    525    446
   269 :    448    525     51
   270 :    102    526    449
   271 :    447    526    103
   272 :     52    527    448
   273 :    450    527     53
   274 :     66    538    465
   275 :    449    529    101
   276 :    100    529    451
   277 :    452    528     55
   278 :     54    528    450
   279 :     98    530    453
   280 :    451    530     99
   281 :    454    531     57
   282 :     56    531    452
   283 :    453    532     97
   284 :     96    532    455
   285 :    456    533     59
   286 :     58    533    454
   287 :    455    534     95
   288 :     94    534    457
   289 :     60    535    456
   290 :    458    535     61
   291 :    383    545    480
   292 :    204    591    203
   293 :    586    591    205
   294 :    464    604     89
   295 :     68    593      3
   296 :    382    588    417
   297 :    219    590    585
   298 :    417    550    382
   299 :    226    461    225
   300 :    181    460    180
   301 :    596    600     86
   302 :    205    591    204
   303 :    202    589    584
   304 :    383    541    540
   305 :    594    595     69
   306 :    220    590    219
   307 :    543    554    411
   308 :    412    553    544
   309 :    220    601    590
   310 :    228    535    227
   311 :    179    534    178
   312 :    582    602     71
   313 :    230    533    229
   314 :    177    532    176
   315 :     79    554    543
   316 :    544    553     76
   317 :    232    531    231
   318 :    175    530    174
   319 :    203    589    202
   320 :    295    467    405
   321 :    277    471    409
   322 :    281    469    400
   323 :    291    475    404
   324 :    275    477    403
   325 :    283    472    393
   326 :    580    586    206
   327 :    303    482    385
   328 :    234    528    233
   329 :    173    529    172
   330 :    236    527    235
   331 :    171    526    170
   332 :      5    493    184
   333 :    397    417      4
   334 :    305    484    389
   335 :    238    525    237
   336 :    169    524    168
   337 :    327    466    328
   338 :    309    490    402
   339 :    322    488    394
   340 :    324    491    388
   341 :    240    522    239
   342 :    167    523    166
   343 :     69    595     68
   344 :     87    596     86
   345 :    242    520    241
   346 :    165    521    164
   347 :    221    601    220
   348 :    244    519    243
   349 :    163    518    162
   350 :    218    585    579
   351 :    246    516    245
   352 :    161    517    160
   353 :    248    515    247
   354 :    159    514    158
   355 :     88    397      4
   356 :    461    537    225
   357 :    181    536    460
   358 :    250    513    249
   359 :    157    512    156
   360 :    252    510    251
   361 :    155    511    154
   362 :    153    508    152
   363 :    254    509    253
   364 :    201    584    577
   365 :    256    506    255
   366 :    151    507    150
   367 :    258    504    257
   368 :    149    505    148
   369 :    206    586    205
   370 :    466    572    384
   371 :    147    502    146
   372 :    260    503    259
   373 :    262    501    261
   374 :    145    500    144
   375 :    264    499    263
   376 :    143    498    142
   377 :     78    436     77
   378 :    266    496    265
   379 :    141    497    140
   380 :    592    597     84
   381 :    139    494    138
   382 :    268    495    267
   383 :    576    583    190
   384 :    219    585    218
   385 :     70    602    594
   386 :    388    603    588
   387 :    564    599    192
   388 :    276    471    277
   389 :    294    467    295
   390 :    290    475    291
   391 :    274    477    275
   392 :    280    469    281
   393 :    282    472    283
   394 :    302    482    303
   395 :    188    545      6
   396 :    304    484    305
   397 :    382    466    327
   398 :    308    490    309
   399 :    321    488    322
   400 :    323    491    324
   401 :     70    594     69
   402 :    573    580    207
   403 :    385    607    484
   404 :    202    584    201
   405 :     71    602     70
   406 :    561    598    209
   407 :    221    606    601
   408 :    326    382    327
   409 :      9    541    480
   410 :    271    480    390
   411 :    217    579    571
   412 :    225    537    224
   413 :    182    536    181
   414 :    588    603    417
   415 :    190    583    189
   416 :      7    606    221
   417 :    560    607    385
   418 :    583    587    189
   419 :      3    459     67
   420 :    223    465    222
   421 :    184    464    183
   422 :    126    425    125
   423 :     38    433     37
   424 :     30    424     29
   425 :     34    429     33
   426 :     48    444     47
   427 :     40    435     39
   428 :    122    428    121
   429 :     20    413     19
   430 :     22    415     21
   431 :     24    419     23
   432 :     26    421     25
   433 :     32    427     31
   434 :     54    450     53
   435 :    124    426    123
   436 :    130    420    129
   437 :    110    441    109
   438 :    112    439    111
   439 :    102    449    101
   440 :    128    422    127
   441 :     98    453     97
   442 :     91    462     90
   443 :    100    451     99
   444 :    108    443    107
   445 :    114    437    113
   446 :    116    434    115
   447 :    120    430    119
   448 :    134    416    133
   449 :    136    414    135
   450 :     50    446     49
   451 :     44    440     43
   452 :     46    442     45
   453 :     52    448     51
   454 :     58    454     57
   455 :     62    458     61
   456 :     65    463     64
   457 :     94    457     93
   458 :     96    455     95
   459 :    104    447    103
   460 :     60    456     59
   461 :    106    445    105
   462 :    118    432    117
   463 :     42    438     41
   464 :     56    452     55
   465 :     28    423     27
   466 :     36    431     35
   467 :    132    418    131
   468 :    397    604    493
   469 :    207    580    206
   470 :    189    587    188
   471 :      9    480    271
   472 :    493    604    464
   473 :    218    579    217
   474 :    326    588    382
   475 :     85    592     84
   476 :     88    604    397
   477 :    539    541    329
   478 :    198    565    558
   479 :    184    493    464
   480 :     67    538     66
   481 :      8    570    269
   482 :    137    569      1
   483 :    270    570      8
   484 :      1    569     18
   485 :    409    470    278
   486 :    293    468    410
   487 :    279    470    406
   488 :    404    468    292
   489 :    405    473    296
   490 :    297    473    399
   491 :    399    478    298
   492 :    289    474    398
   493 :    273    476    396
   494 :    299    478    392
   495 :    391    474    288
   496 :    390    476    272
   497 :    393    481    284
   498 :    392    483    300
   499 :    287    479    391
   500 :    285    481    387
   501 :    387    479    286
   502 :    301    483    386
   503 :      6    383    187
   504 :    186    384    185
   505 :    548    581    194
   506 :    384    540    539
   507 :    411    487    317
   508 :    313    485    412
   509 :    408    485    312
   510 :    318    487    407
   511 :    407    489    319
   512 :    311    486    408
   513 :    402    486    310
   514 :    320    489    401
   515 :    307    492    395
   516 :    389    492    306
   517 :    201    577    200
   518 :    574    582     72
   519 :    467    557    551
   520 :    216    571    566
   521 :    558    565    469
   522 :    459    538     67
   523 :    471    581    548
   524 :    191    576    190
   525 :    551    557    213
   526 :    293    410    294
   527 :    277    409    278
   528 :    279    406    280
   529 :    295    405    296
   530 :    291    404    292
   531 :    275    403    276
   532 :    281    400    282
   533 :    297    399    298
   534 :    289    398    290
   535 :    273    396    274
   536 :    283    393    284
   537 :    299    392    300
   538 :    287    391    288
   539 :    271    390    272
   540 :    285    387    286
   541 :    301    386    302
   542 :    303    385    304
   543 :    278    470    279
   544 :    292    468    293
   545 :    296    473    297
   546 :    298    478    299
   547 :    288    474    289
   548 :    272    476    273
   549 :    284    481    285
   550 :    286    479    287
   551 :    300    483    301
   552 :    316    411    317
   553 :    313    412    314
   554 :    318    407    319
   555 :    311    408    312
   556 :    309    402    310
   557 :    320    401    321
   558 :    322    394    323
   559 :    307    395    308
   560 :    324    388    325
   561 :    305    389    306
   562 :    312    485    313
   563 :    317    487    318
   564 :    310    486    311
   565 :    319    489    320
   566 :    306    492    307
   567 :    475    598    561
   568 :    477    599    564
   569 :    208    573    207
   570 :     72    582     71
   571 :     86    600     85
   572 :    191    599    576
   573 :    410    467    294
   574 :    403    471    276
   575 :    406    469    280
   576 :    398    475    290
   577 :    396    477    274
   578 :    400    472    282
   579 :    386    482    302
   580 :    192    599    191
   581 :     85    600    592
   582 :    385    484    304
   583 :    401    488    321
   584 :    395    490    308
   585 :    394    491    323
   586 :    217    571    216
   587 :    488    597    592
   588 :     82    575    568
   589 :    567    574     73
   590 :    491    600    596
   591 :    490    602    582
   592 :    209    598    208
   593 :    208    598    573
   594 :    215    566    559
   595 :    388    588    325
   596 :    316    555    411
   597 :    412    556    314
   598 :     83    575     82
   599 :     73    574     72
   600 :      4    603     87
   601 :    471    548    409
   602 :      5    605    493
   603 :    328    539    329
   604 :    482    606    385
   605 :    552    561    210
   606 :     81    568    563
   607 :    562    567     74
   608 :    187    540    186
   609 :    467    551    405
   610 :     79    543     78
   611 :     77    544     76
   612 :    216    566    215
   613 :    214    559    551
   614 :    493    605    397
   615 :    382    542    466
   616 :    397    550    417
   617 :    475    561    404
   618 :    409    548    546
   619 :    199    565    198
   620 :    477    564    403
   621 :    469    565    400
   622 :    546    549    470
   623 :     82    568     81
   624 :     74    567     73
   625 :    193    564    192
   626 :    383    540    187
   627 :    186    540    384
   628 :     84    597     83
   629 :    468    552    547
   630 :     78    543    436
   631 :    436    544     77
   632 :     80    563    554
   633 :    553    562     75
   634 :    472    577    393
   635 :    329    541      9
   636 :    547    552    211
   637 :    210    561    209
   638 :    400    578    472
   639 :    551    559    405
   640 :    404    561    552
   641 :    484    593    389
   642 :    215    559    214
   643 :    194    581    193
   644 :    196    549    546
   645 :    490    582    402
   646 :    546    548    195
   647 :    488    592    394
   648 :    491    596    388
   649 :    480    587    390
   650 :    559    566    473
   651 :     81    563     80
   652 :     75    562     74
   653 :    185    572      5
   654 :     87    603    596
   655 :    544    556    412
   656 :    411    555    543
   657 :     83    597    575
   658 :    409    546    470
   659 :    485    562    553
   660 :    554    563    487
   661 :    566    571    399
   662 :    577    584    393
   663 :    408    567    562
   664 :    563    568    407
   665 :    571    579    478
   666 :    468    547    410
   667 :    211    552    210
   668 :    474    580    573
   669 :    579    585    392
   670 :    193    581    564
   671 :    476    583    576
   672 :    391    586    580
   673 :    136    608    414
   674 :    413    609     19
   675 :    589    591    387
   676 :    584    589    481
   677 :    585    590    483
   678 :    479    591    586
   679 :    214    551    213
   680 :    486    574    567
   681 :    568    575    489
   682 :     80    554     79
   683 :     76    553     75
   684 :    402    582    574
   685 :    593    595    389
   686 :    470    549    406
   687 :    315    556    555
   688 :    197    549    196
   689 :    195    548    194
   690 :    404    552    468
   691 :    492    595    594
   692 :    212    547    211
   693 :      6    545    383
   694 :    485    553    412
   695 :    411    554    487
   696 :    405    559    473
   697 :    196    546    195
   698 :    198    558    197
   699 :    213    557    212
   700 :    408    562    485
   701 :    487    563    407
   702 :    473    566    399
   703 :      3    607    459
   704 :    547    557    410
   705 :    399    571    478
   706 :    486    567    408
   707 :    407    568    489
   708 :    474    573    398
   709 :    315    555    316
   710 :    314    556    315
   711 :    476    576    396
   712 :    549    558    406
   713 :    478    579    392
   714 :      5    572    542
   715 :    391    580    474
   716 :    390    583    476
   717 :    402    574    486
   718 :    489    575    401
   719 :    393    584    481
   720 :    392    585    483
   721 :    479    586    391
   722 :    481    589    387
   723 :    483    590    386
   724 :    387    591    479
   725 :    492    594    395
   726 :    389    595    492
   727 :    197    558    549
   728 :    555    556    436
   729 :    200    578    199
   730 :    564    581    403
   731 :    212    557    547
   732 :    325    588    326
   733 :    390    587    583
   734 :    410    557    467
   735 :    406    558    469
   736 :    384    572    185
   737 :    573    598    398
   738 :    417    603      4
   739 :    576    599    396
   740 :      2    609    270
   741 :     18    608      0
   742 :    575    597    401
   743 :     89    604     88
   744 :    542    605      5
   745 :    590    601    386
   746 :     19    609      2
   747 :      0    608    136
   748 :    592    600    394
   749 :    594    602    395
   750 :    382    550    542
   751 :    414    608    569
   752 :    570    609    413
   753 :    542    572    466
   754 :    403    581    471
   755 :    545    587    480
   756 :    401    597    488
   757 :    385    606    560
   758 :    398    598    475
   759 :    396    599    477
   760 :    386    601    482
   761 :    188    587    545
   762 :    394    600    491
   763 :    601    606    482
   764 :    395    602    490
   765 :    436    556    544
   766 :    543    555    436
   767 :    550    605    542
   768 :    593    607      3
   769 :    565    578    400
   770 :    596    603    388
   771 :    459    607    560
   772 :    199    578    565
   773 :    397    605    550
   774 :    560    606      7
   775 :    484    607    593
   776 :    569    608     18
   777 :    270    609    570
   778 :    621    632    611
   779 :    620    633    610
   780 :    622    626    621
   781 :    623    624    620
   782 :    618    631    625
   783 :    615    631    618
   784 :    619    629    614
   785 :    614    629    628
   786 :    621    626    612
   787 :    620    624    613
   788 :    353    632    621
   789 :    340    633    620
   790 :     11    633    340
   791 :    343    635     12
   792 :     13    632    353
   793 :    330    634     10
   794 :    611    634    622
   795 :    610    635    623
   796 :    353    621    352
   797 :    340    620    339
   798 :    337    615    336
   799 :    339    613    338
   800 :    349    614    348
   801 :    352    612    351
   802 :    615    618    336
   803 :    350    619    349
   804 :    349    619    614
   805 :    336    618    335
   806 :    333    616    332
   807 :    346    617    345
   808 :    618    625    614
   809 :    614    628    618
   810 :    613    624    617
   811 :    616    627    612
   812 :    617    630    613
   813 :    612    626    616
   814 :    616    629    619
   815 :    615    630    617
   816 :    617    631    615
   817 :    619    627    616
   818 :    352    621    612
   819 :    339    620    613
   820 :    611    622    621
   821 :    610    623    620
   822 :    617    624    345
   823 :    613    630    338
   824 :    350    627    619
   825 :    346    631    617
   826 :    614    625    348
   827 :    618    628    335
   828 :    333    629    616
   829 :    612    627    351
   830 :    616    626    332
   831 :    337    630    615
   832 :    623    635    343
   833 :    622    634    330
   834 :    355    611    354
   835 :    342    610    341
   836 :    331    622    330
   837 :    344    623    343
   838 :    344    624    623
   839 :    331    626    622
   840 :    625    631    347
   841 :    351    627    350
   842 :    332    626    331
   843 :    348    625    347
   844 :    335    628    334
   845 :    345    624    344
   846 :    628    629    334
   847 :    334    629    333
   848 :    338    630    337
   849 :    347    631    346
   850 :     10    634    355
   851 :    341    633     11
   852 :    354    632     13
   853 :     12    635    342
   854 :    611    632    354
   855 :    355    634    611
   856 :    342    635    610
   857 :    610    633    341
   858 :    647    659    637
   859 :    646    660    636
   860 :    649    651    646
   861 :    648    650    647
   862 :    653    656    642
   863 :    644    653    642
   864 :    647    650    639
   865 :    646    651    638
   866 :    366    659    647
   867 :    379    660    646
   868 :    356    657     14
   869 :    369    658     16
   870 :     15    659    366
   871 :     17    660    379
   872 :    637    658    648
   873 :    636    657    649
   874 :    379    646    378
   875 :    366    647    365
   876 :    641    645    372
   877 :    378    638    377
   878 :    360    644    359
   879 :    359    644    642
   880 :    365    639    364
   881 :    373    641    372
   882 :    372    645    371
   883 :    375    640    374
   884 :    359    642    358
   885 :    362    643    361
   886 :    642    656    638
   887 :    639    650    645
   888 :    643    652    640
   889 :    640    655    643
   890 :    638    651    642
   891 :    641    652    643
   892 :    640    653    644
   893 :    644    655    640
   894 :    378    646    638
   895 :    365    647    639
   896 :    637    648    647
   897 :    636    649    646
   898 :    645    661    639
   899 :    643    662    641
   900 :    363    662    362
   901 :    364    661    363
   902 :    638    656    377
   903 :    375    653    640
   904 :    645    650    371
   905 :    360    655    644
   906 :    640    652    374
   907 :    373    652    641
   908 :    643    655    361
   909 :    642    651    358
   910 :    648    658    369
   911 :    649    657    356
   912 :    368    637    367
   913 :    381    636    380
   914 :    654    662    363
   915 :    363    661    654
   916 :    370    648    369
   917 :    357    649    356
   918 :    357    651    649
   919 :    370    650    648
   920 :    374    652    373
   921 :    377    656    376
   922 :    371    650    370
   923 :    641    654    645
   924 :    361    655    360
   925 :    358    651    357
   926 :    376    656    653
   927 :    376    653    375
   928 :    362    662    643
   929 :    639    661    364
   930 :     16    658    368
   931 :    367    659     15
   932 :    380    660     17
   933 :     14    657    381
   934 :    637    659    367
   935 :    636    660    380
   936 :    368    658    637
   937 :    381    657    636
   938 :    654    661    645
   939 :    641    662    654
Number of domains 18
  Domain :      0 
  Name : Entity 7 
  Number of elements :      2
     0     1
  Domain :      1 
  Name : Entity 8 
  Number of elements :     50
     2     3     4     5     6     7     8     9    10    11
    12    13    14    15    16    17    18    19    20    21
    22    23    24    25    26    27    28    29    30    31
    32    33    34    35    36    37    38    39    40    41
    42    43    44    45    46    47    48    49    50    51
  Domain :      2 
  Name : Entity 9 
  Number of elements :     21
    52    53    54    55    56    57    58    59    60    61
    62    63    64    65    66    67    68    69    70    71
    72
  Domain :      3 
  Name : Entity 10 
  Number of elements :     50
    73    74    75    76    77    78    79    80    81    82
    83    84    85    86    87    88    89    90    91    92
    93    94    95    96    97    98    99   100   101   102
   103   104   105   106   107   108   109   110   111   112
   113   114   115   116   117   118   119   120   121   122
  Domain :      4 
  Name : Entity 11 
  Number of elements :     49
   123   124   125   126   127   128   129   130   131   132
   133   134   135   136   137   138   139   140   141   142
   143   144   145   146   147   148   149   150   151   152
   153   154   155   156   157   158   159   160   161   162
   163   164   165   166   167   168   169   170   171
  Domain :      5 
  Name : Entity 12 
  Number of elements :      4
   172   173   174   175
  Domain :      6 
  Name : Entity 13 
  Number of elements :     35
   176   177   178   179   180   181   182   183   184   185
   186   187   188   189   190   191   192   193   194   195
   196   197   198   199   200   201   202   203   204   205
   206   207   208   209   210
  Domain :      7 
  Name : Entity 14 
  Number of elements :     49
   211   212   213   214   215   216   217   218   219   220
   221   222   223   224   225   226   227   228   229   230
   231   232   233   234   235   236   237   238   239   240
   241   242   243   244   245   246   247   248   249   250
   251   252   253   254   255   256   257   258   259
  Domain :      8 
  Name : Entity 15 
  Number of elements :      2
   260   261
  Domain :      9 
  Name : Entity 16 
  Number of elements :     60
   262   263   264   265   266   267   268   269   270   271
   272   273   274   275   276   277   278   279   280   281
   282   283   284   285   286   287   288   289   290   291
   292   293   294   295   296   297   298   299   300   301
   302   303   304   305   306   307   308   309   310   311
   312   313   314   315   316   317   318   319   320   321
  Domain :     10 
  Name : Entity 25 
  Number of elements :     12
   322   323   324   325   326   327   328   329   330   331
   332   333
  Domain :     11 
  Name : Entity 26 
  Number of elements :      3
   334   335   336
  Domain :     12 
  Name : Entity 27 
  Number of elements :     12
   337   338   339   340   341   342   343   344   345   346
   347   348
  Domain :     13 
  Name : Entity 28 
  Number of elements :      3
   349   350   351
  Domain :     14 
  Name : Entity 29 
  Number of elements :     12
   352   353   354   355   356   357   358   359   360   361
   362   363
  Domain :     15 
  Name : Entity 30 
  Number of elements :      3
   364   365   366
  Domain :     16 
  Name : Entity 31 
  Number of elements :     12
   367   368   369   370   371   372   373   374   375   376
   377   378
  Domain :     17 
  Name : Entity 32 
  Number of elements :      3
   379   380   381
